29.980	30.0	.005
29.985	30.0	.004
29.989	30.0	.003
29.992	30.0	.002
29.994	30.0	.002
29.995	30.0	.001
29.996	30.0	.001
29.997	30.0	.001
29.998	30.0	.001
29.998	30.0	.000
29.999	30.0	.000
29.999	30.0	.000
29.999	30.0	.000
30.000	30.0	.000
30.000	30.0	.000
30.000	30.0	.000
30.000	30.0	.000
30.000	30.0	.000
30.000	30.0	.000
30.000	30.0	.000
30.000	30.0	.000
30.000	30.0	.000
30.000	30.0	.000
30.000	30.0	.000
30.000	30.0	.000
30.000	30.0	.000
30.000	30.0	.000
30.000	30.0	.000
30.000	30.0	.000
30.000	30.0	.000
30.000	30.0	.000
30.000	30.0	.000
30.000	30.0	.000
30.000	30.0	.000
30.000	30.0	.000
30.000	30.0	.000
30.000	30.0	.000
30.000	30.0	.000
30.000	30.0	.000
30.000	30.0	.000
30.000	30.0	.000
30.000	30.0	.000
30.000	30.0	.000
30.000	30.0	.000
30.000	30.0	.000
30.000	30.0	.000
30.000	30.0	.000
30.000	30.0	.000
30.000	30.0	.000
30.000	30.0	.000
30.000	30.0	.000
30.000	30.0	.000
30.000	30.0	.000
30.000	30.0	.000
30.000	30.0	.000
30.000	30.0	.000
30.000	30.0	.000
30.000	30.0	.000
30.000	30.0	.000
30.000	30.0	.000
30.000	30.0	.000
30.000	30.0	.000
30.000	30.0	.000
30.000	30.0	.000
30.000	30.0	.000
30.000	30.0	.000
30.000	30.0	.000
30.000	30.0	.000
30.000	30.0	.000
30.000	30.0	.000
30.000	30.0	.000
30.000	30.0	.000
30.000	30.0	.000
30.000	30.0	.000
30.000	30.0	.000
30.000	30.0	.000
30.000	30.0	.000
30.000	30.0	.000
30.000	30.0	.000
30.000	30.0	.000
30.000	30.0	.000
30.000	30.0	.000
30.000	30.0	.000
30.000	30.0	.000
30.000	30.0	.000
30.000	30.0	.000
30.000	30.0	.000
30.000	30.0	.000
30.000	30.0	.000
30.000	30.0	.000
30.000	30.0	.000
30.000	30.0	.000
30.000	30.0	.000
30.000	30.0	.000
30.000	30.0	.000
30.000	30.0	.000
30.000	30.0	.000
30.000	30.0	.000
30.000	30.0	.000
30.000	30.0	.000
4.000	30.0	4.000
8.000	30.0	4.000
12.000	30.0	4.000
16.000	30.0	3.500
19.500	30.0	2.625
22.125	30.0	1.969
24.094	30.0	1.477
25.570	30.0	1.107
26.678	30.0	.831
27.508	30.0	.623
28.131	30.0	.467
28.598	30.0	.350
28.949	30.0	.263
29.212	30.0	.197
29.409	30.0	.148
29.557	30.0	.111
29.667	30.0	.083
29.751	30.0	.062
29.813	30.0	.047
29.860	30.0	.035
29.895	30.0	.026
29.921	30.0	.020
29.941	30.0	.015
29.956	30.0	.011
29.967	30.0	.008
29.975	30.0	.006
29.981	30.0	.005
29.986	30.0	.004
29.989	30.0	.003
29.992	30.0	.002
29.994	30.0	.001
29.996	30.0	.001
29.997	30.0	.001
29.997	30.0	.001
29.998	30.0	.000
29.999	30.0	.000
29.999	30.0	.000
29.999	30.0	.000
29.999	30.0	.000
30.000	30.0	.000
30.000	30.0	.000
30.000	30.0	.000
30.000	30.0	.000
30.000	30.0	.000
30.000	30.0	.000
30.000	30.0	.000
30.000	30.0	.000
30.000	30.0	.000
30.000	30.0	.000
30.000	30.0	.000
30.000	30.0	.000
30.000	30.0	.000
30.000	30.0	.000
30.000	30.0	.000
30.000	30.0	.000
30.000	30.0	.000
30.000	30.0	.000
30.000	30.0	.000
30.000	30.0	.000
30.000	30.0	.000
30.000	30.0	.000
30.000	30.0	.000
30.000	30.0	.000
30.000	30.0	.000
30.000	30.0	.000
30.000	30.0	.000
30.000	30.0	.000
30.000	30.0	.000
30.000	30.0	.000
30.000	30.0	.000
30.000	30.0	.000
30.000	30.0	.000
30.000	30.0	.000
30.000	30.0	.000
30.000	30.0	.000
30.000	30.0	.000
30.000	30.0	.000
30.000	30.0	.000
30.000	30.0	.000
30.000	30.0	.000
30.000	30.0	.000
30.000	30.0	.000
30.000	30.0	.000
30.000	30.0	.000
30.000	30.0	.000
30.000	30.0	.000
30.000	30.0	.000
30.000	30.0	.000
30.000	30.0	.000
30.000	30.0	.000
30.000	30.0	.000
30.000	30.0	.000
30.000	30.0	.000
30.000	30.0	.000
30.000	30.0	.000
30.000	30.0	.000
30.000	30.0	.000
30.000	30.0	.000
30.000	30.0	.000
30.000	30.0	.000
30.000	30.0	.000
30.000	30.0	.000
30.000	30.0	.000
30.000	30.0	.000
30.000	30.0	.000
30.000	30.0	.000
30.000	30.0	.000
30.000	30.0	.000
30.000	30.0	.000
30.000	30.0	.000
30.000	30.0	.000
30.000	30.0	.000
30.000	30.0	.000
30.000	30.0	.000
30.000	30.0	.000
30.000	30.0	.000
30.000	30.0	.000
30.000	30.0	.000
30.000	30.0	.000
30.000	30.0	.000
30.000	30.0	.000
30.000	30.0	.000
30.000	30.0	.000
30.000	30.0	.000
30.000	30.0	.000
1.000	27.0	4.000
5.000	27.0	4.000
9.000	27.0	4.000
13.000	27.0	3.500
16.500	27.0	2.625
19.125	27.0	1.969
21.094	27.0	1.477
22.570	27.0	1.107
23.678	27.0	.831
24.508	27.0	.623
25.131	27.0	.467
25.598	27.0	.350
25.949	27.0	.263
26.212	27.0	.197
26.409	27.0	.148
26.557	27.0	.111
26.667	27.0	.083
26.751	27.0	.062
26.813	27.0	.047
26.860	27.0	.035
26.895	27.0	.026
26.921	27.0	.020
26.941	27.0	.015
26.956	27.0	.011
26.967	27.0	.008
26.975	27.0	.006
26.981	27.0	.005
26.986	27.0	.004
26.989	27.0	.003
26.992	27.0	.002
26.994	27.0	.001
26.996	27.0	.001
26.997	27.0	.001
26.997	27.0	.001
26.998	27.0	.000
26.999	27.0	.000
26.999	27.0	.000
26.999	27.0	.000
26.999	27.0	.000
27.000	27.0	.000
27.000	27.0	.000
27.000	27.0	.000
27.000	27.0	.000
27.000	27.0	.000
27.000	27.0	.000
27.000	27.0	.000
27.000	27.0	.000
27.000	27.0	.000
27.000	27.0	.000
27.000	27.0	.000
27.000	27.0	.000
27.000	27.0	.000
27.000	27.0	.000
27.000	27.0	.000
27.000	27.0	.000
27.000	27.0	.000
27.000	27.0	.000
27.000	27.0	.000
27.000	27.0	.000
27.000	27.0	.000
27.000	27.0	.000
27.000	27.0	.000
27.000	27.0	.000
27.000	27.0	.000
27.000	27.0	.000
27.000	27.0	.000
27.000	27.0	.000
27.000	27.0	.000
27.000	27.0	.000
27.000	27.0	.000
27.000	27.0	.000
27.000	27.0	.000
27.000	27.0	.000
27.000	27.0	.000
27.000	27.0	.000
27.000	27.0	.000
27.000	27.0	.000
27.000	27.0	.000
27.000	27.0	.000
27.000	27.0	.000
27.000	27.0	.000
27.000	27.0	.000
27.000	27.0	.000
27.000	27.0	.000
27.000	27.0	.000
27.000	27.0	.000
27.000	27.0	.000
27.000	27.0	.000
27.000	27.0	.000
27.000	27.0	.000
27.000	27.0	.000
27.000	27.0	.000
27.000	27.0	.000
27.000	27.0	.000
27.000	27.0	.000
27.000	27.0	.000
27.000	27.0	.000
27.000	27.0	.000
27.000	27.0	.000
27.000	27.0	.000
27.000	27.0	.000
27.000	27.0	.000
27.000	27.0	.000
27.000	27.0	.000
27.000	27.0	.000
27.000	27.0	.000
27.000	27.0	.000
27.000	27.0	.000
27.000	27.0	.000
27.000	27.0	.000
27.000	27.0	.000
27.000	27.0	.000
27.000	27.0	.000
27.000	27.0	.000
27.000	27.0	.000
27.000	27.0	.000
27.000	27.0	.000
27.000	27.0	.000
27.000	27.0	.000
27.000	27.0	.000
27.000	27.0	.000
27.000	27.0	.000
27.000	27.0	.000
27.000	27.0	.000
27.000	27.0	.000
.000	17.0	4.000
4.000	17.0	3.250
7.250	17.0	2.438
9.688	17.0	1.828
11.516	17.0	1.371
12.887	17.0	1.028
13.915	17.0	.771
14.686	17.0	.578
15.265	17.0	.434
15.699	17.0	.325
16.024	17.0	.244
16.268	17.0	.183
16.451	17.0	.137
16.588	17.0	.103
16.691	17.0	.077
16.768	17.0	.058
16.826	17.0	.043
16.870	17.0	.033
16.902	17.0	.024
16.927	17.0	.018
16.945	17.0	.014
16.959	17.0	.010
16.969	17.0	.008
16.977	17.0	.006
16.983	17.0	.004
16.987	17.0	.003
16.990	17.0	.002
16.993	17.0	.002
16.994	17.0	.001
16.996	17.0	.001
16.997	17.0	.001
16.998	17.0	.001
16.998	17.0	.000
16.999	17.0	.000
16.999	17.0	.000
16.999	17.0	.000
16.999	17.0	.000
17.000	17.0	.000
17.000	17.0	.000
17.000	17.0	.000
17.000	17.0	.000
17.000	17.0	.000
17.000	17.0	.000
17.000	17.0	.000
17.000	17.0	.000
17.000	17.0	.000
17.000	17.0	.000
17.000	17.0	.000
17.000	17.0	.000
17.000	17.0	.000
17.000	17.0	.000
17.000	17.0	.000
17.000	17.0	.000
17.000	17.0	.000
17.000	17.0	.000
17.000	17.0	.000
17.000	17.0	.000
17.000	17.0	.000
17.000	17.0	.000
17.000	17.0	.000
17.000	17.0	.000
17.000	17.0	.000
17.000	17.0	.000
17.000	17.0	.000
17.000	17.0	.000
17.000	17.0	.000
17.000	17.0	.000
17.000	17.0	.000
17.000	17.0	.000
17.000	17.0	.000
17.000	17.0	.000
17.000	17.0	.000
17.000	17.0	.000
17.000	17.0	.000
17.000	17.0	.000
17.000	17.0	.000
17.000	17.0	.000
17.000	17.0	.000
17.000	17.0	.000
17.000	17.0	.000
17.000	17.0	.000
17.000	17.0	.000
17.000	17.0	.000
17.000	17.0	.000
17.000	17.0	.000
17.000	17.0	.000
17.000	17.0	.000
17.000	17.0	.000
17.000	17.0	.000
17.000	17.0	.000
17.000	17.0	.000
17.000	17.0	.000
17.000	17.0	.000
17.000	17.0	.000
17.000	17.0	.000
17.000	17.0	.000
17.000	17.0	.000
17.000	17.0	.000
17.000	17.0	.000
17.000	17.0	.000
17.000	17.0	.000
17.000	17.0	.000
17.000	17.0	.000
17.000	17.0	.000
17.000	17.0	.000
17.000	17.0	.000
17.000	17.0	.000
17.000	17.0	.000
17.000	17.0	.000
17.000	17.0	.000
17.000	17.0	.000
17.000	17.0	.000
17.000	17.0	.000
17.000	17.0	.000
17.000	17.0	.000
17.000	17.0	.000
17.000	17.0	.000
17.000	17.0	.000
17.000	17.0	.000
17.000	17.0	.000
17.000	17.0	.000
17.000	17.0	.000
17.000	17.0	.000
17.000	17.0	.000
17.000	17.0	.000
12.000	19.0	1.750
13.750	19.0	1.312
15.062	19.0	.984
16.047	19.0	.738
16.785	19.0	.554
17.339	19.0	.415
17.754	19.0	.311
18.066	19.0	.234
18.299	19.0	.175
18.474	19.0	.131
18.606	19.0	.099
18.704	19.0	.074
18.778	19.0	.055
18.834	19.0	.042
18.875	19.0	.031
18.906	19.0	.023
18.930	19.0	.018
18.947	19.0	.013
18.961	19.0	.010
18.970	19.0	.007
18.978	19.0	.006
18.983	19.0	.004
18.988	19.0	.003
18.991	19.0	.002
18.993	19.0	.002
18.995	19.0	.001
18.996	19.0	.001
18.997	19.0	.001
18.998	19.0	.001
18.998	19.0	.000
18.999	19.0	.000
18.999	19.0	.000
18.999	19.0	.000
18.999	19.0	.000
19.000	19.0	.000
19.000	19.0	.000
19.000	19.0	.000
19.000	19.0	.000
19.000	19.0	.000
19.000	19.0	.000
19.000	19.0	.000
19.000	19.0	.000
19.000	19.0	.000
19.000	19.0	.000
19.000	19.0	.000
19.000	19.0	.000
19.000	19.0	.000
19.000	19.0	.000
19.000	19.0	.000
19.000	19.0	.000
19.000	19.0	.000
19.000	19.0	.000
19.000	19.0	.000
19.000	19.0	.000
19.000	19.0	.000
19.000	19.0	.000
19.000	19.0	.000
19.000	19.0	.000
19.000	19.0	.000
19.000	19.0	.000
19.000	19.0	.000
19.000	19.0	.000
19.000	19.0	.000
19.000	19.0	.000
19.000	19.0	.000
19.000	19.0	.000
19.000	19.0	.000
19.000	19.0	.000
19.000	19.0	.000
19.000	19.0	.000
19.000	19.0	.000
19.000	19.0	.000
19.000	19.0	.000
19.000	19.0	.000
19.000	19.0	.000
19.000	19.0	.000
19.000	19.0	.000
19.000	19.0	.000
19.000	19.0	.000
19.000	19.0	.000
19.000	19.0	.000
19.000	19.0	.000
19.000	19.0	.000
19.000	19.0	.000
19.000	19.0	.000
19.000	19.0	.000
19.000	19.0	.000
19.000	19.0	.000
19.000	19.0	.000
19.000	19.0	.000
19.000	19.0	.000
19.000	19.0	.000
19.000	19.0	.000
19.000	19.0	.000
19.000	19.0	.000
19.000	19.0	.000
19.000	19.0	.000
19.000	19.0	.000
19.000	19.0	.000
19.000	19.0	.000
19.000	19.0	.000
19.000	19.0	.000
19.000	19.0	.000
19.000	19.0	.000
19.000	19.0	.000
19.000	19.0	.000
19.000	19.0	.000
19.000	19.0	.000
19.000	19.0	.000
19.000	19.0	.000
19.000	19.0	.000
19.000	19.0	.000
19.000	19.0	.000
19.000	19.0	.000
19.000	19.0	.000
19.000	19.0	.000
19.000	19.0	.000
19.000	19.0	.000
19.000	19.0	.000
19.000	19.0	.000
19.000	19.0	.000
19.000	19.0	.000
19.000	19.0	.000
19.000	19.0	.000
19.000	19.0	.000
2.000	10.0	2.000
4.000	10.0	1.500
5.500	10.0	1.125
6.625	10.0	.844
7.469	10.0	.633
8.102	10.0	.475
8.576	10.0	.356
8.932	10.0	.267
9.199	10.0	.200
9.399	10.0	.150
9.549	10.0	.113
9.662	10.0	.084
9.747	10.0	.063
9.810	10.0	.048
9.857	10.0	.036
9.893	10.0	.027
9.920	10.0	.020
9.940	10.0	.015
9.955	10.0	.011
9.966	10.0	.008
9.975	10.0	.006
9.981	10.0	.005
9.986	10.0	.004
9.989	10.0	.003
9.992	10.0	.002
9.994	10.0	.002
9.995	10.0	.001
9.997	10.0	.001
9.997	10.0	.001
9.998	10.0	.000
9.999	10.0	.000
9.999	10.0	.000
9.999	10.0	.000
9.999	10.0	.000
10.000	10.0	.000
10.000	10.0	.000
10.000	10.0	.000
10.000	10.0	.000
10.000	10.0	.000
10.000	10.0	.000
10.000	10.0	.000
10.000	10.0	.000
10.000	10.0	.000
10.000	10.0	.000
10.000	10.0	.000
10.000	10.0	.000
10.000	10.0	.000
10.000	10.0	.000
10.000	10.0	.000
10.000	10.0	.000
10.000	10.0	.000
10.000	10.0	.000
10.000	10.0	.000
10.000	10.0	.000
10.000	10.0	.000
10.000	10.0	.000
10.000	10.0	.000
10.000	10.0	.000
10.000	10.0	.000
10.000	10.0	.000
10.000	10.0	.000
10.000	10.0	.000
10.000	10.0	.000
10.000	10.0	.000
10.000	10.0	.000
10.000	10.0	.000
10.000	10.0	.000
10.000	10.0	.000
10.000	10.0	.000
10.000	10.0	.000
10.000	10.0	.000
10.000	10.0	.000
10.000	10.0	.000
10.000	10.0	.000
10.000	10.0	.000
10.000	10.0	.000
10.000	10.0	.000
10.000	10.0	.000
10.000	10.0	.000
10.000	10.0	.000
10.000	10.0	.000
10.000	10.0	.000
10.000	10.0	.000
10.000	10.0	.000
10.000	10.0	.000
10.000	10.0	.000
10.000	10.0	.000
10.000	10.0	.000
10.000	10.0	.000
10.000	10.0	.000
10.000	10.0	.000
10.000	10.0	.000
10.000	10.0	.000
10.000	10.0	.000
10.000	10.0	.000
10.000	10.0	.000
10.000	10.0	.000
10.000	10.0	.000
10.000	10.0	.000
10.000	10.0	.000
10.000	10.0	.000
10.000	10.0	.000
10.000	10.0	.000
10.000	10.0	.000
10.000	10.0	.000
10.000	10.0	.000
10.000	10.0	.000
10.000	10.0	.000
10.000	10.0	.000
10.000	10.0	.000
10.000	10.0	.000
10.000	10.0	.000
10.000	10.0	.000
10.000	10.0	.000
10.000	10.0	.000
10.000	10.0	.000
10.000	10.0	.000
10.000	10.0	.000
10.000	10.0	.000
10.000	10.0	.000
10.000	10.0	.000
10.000	10.0	.000
10.000	10.0	.000
10.000	10.0	.000
10.000	10.0	.000
21.000	9.0	-3.000
18.000	9.0	-2.250
15.750	9.0	-1.688
14.062	9.0	-1.266
12.797	9.0	-.949
11.848	9.0	-.712
11.136	9.0	-.534
10.602	9.0	-.400
10.201	9.0	-.300
9.901	9.0	-.225
9.676	9.0	-.169
9.507	9.0	-.127
9.380	9.0	-.095
9.285	9.0	-.071
9.214	9.0	-.053
9.160	9.0	-.040
9.120	9.0	-.030
9.090	9.0	-.023
9.068	9.0	-.017
9.051	9.0	-.013
9.038	9.0	-.010
9.029	9.0	-.007
9.021	9.0	-.005
9.016	9.0	-.004
9.012	9.0	-.003
9.009	9.0	-.002
9.007	9.0	-.002
9.005	9.0	-.001
9.004	9.0	-.001
9.003	9.0	-.001
9.002	9.0	-.001
9.002	9.0	-.000
9.001	9.0	-.000
9.001	9.0	-.000
9.001	9.0	-.000
9.001	9.0	-.000
9.000	9.0	-.000
9.000	9.0	-.000
9.000	9.0	-.000
9.000	9.0	-.000
9.000	9.0	-.000
9.000	9.0	-.000
9.000	9.0	-.000
9.000	9.0	-.000
9.000	9.0	-.000
9.000	9.0	-.000
9.000	9.0	-.000
9.000	9.0	-.000
9.000	9.0	-.000
9.000	9.0	-.000
9.000	9.0	-.000
9.000	9.0	-.000
9.000	9.0	-.000
9.000	9.0	-.000
9.000	9.0	-.000
9.000	9.0	-.000
9.000	9.0	-.000
9.000	9.0	-.000
9.000	9.0	-.000
9.000	9.0	-.000
9.000	9.0	-.000
9.000	9.0	-.000
9.000	9.0	-.000
9.000	9.0	-.000
9.000	9.0	-.000
9.000	9.0	-.000
9.000	9.0	-.000
9.000	9.0	-.000
9.000	9.0	-.000
9.000	9.0	-.000
9.000	9.0	-.000
9.000	9.0	-.000
9.000	9.0	-.000
9.000	9.0	-.000
9.000	9.0	-.000
9.000	9.0	-.000
9.000	9.0	-.000
9.000	9.0	-.000
9.000	9.0	-.000
9.000	9.0	-.000
9.000	9.0	-.000
9.000	9.0	-.000
9.000	9.0	-.000
9.000	9.0	-.000
9.000	9.0	-.000
9.000	9.0	-.000
9.000	9.0	-.000
9.000	9.0	-.000
9.000	9.0	-.000
9.000	9.0	-.000
9.000	9.0	-.000
9.000	9.0	-.000
9.000	9.0	-.000
9.000	9.0	-.000
9.000	9.0	-.000
9.000	9.0	-.000
9.000	9.0	-.000
9.000	9.0	-.000
9.000	9.0	-.000
9.000	9.0	-.000
9.000	9.0	-.000
9.000	9.0	-.000
9.000	9.0	-.000
9.000	9.0	-.000
9.000	9.0	-.000
9.000	9.0	-.000
9.000	9.0	-.000
9.000	9.0	-.000
9.000	9.0	-.000
9.000	9.0	-.000
9.000	9.0	-.000
9.000	9.0	-.000
9.000	9.0	-.000
9.000	9.0	-.000
9.000	9.0	-.000
9.000	9.0	-.000
9.000	9.0	-.000
9.000	9.0	-.000
9.000	9.0	-.000
9.000	9.0	-.000
9.000	9.0	-.000
9.000	9.0	-.000
9.000	9.0	-.000
9.000	9.0	-.000
9.000	9.0	-.000
20.000	26.0	1.500
21.500	26.0	1.125
22.625	26.0	.844
23.469	26.0	.633
24.102	26.0	.475
24.576	26.0	.356
24.932	26.0	.267
25.199	26.0	.200
25.399	26.0	.150
25.549	26.0	.113
25.662	26.0	.084
25.747	26.0	.063
25.810	26.0	.048
25.857	26.0	.036
25.893	26.0	.027
25.920	26.0	.020
25.940	26.0	.015
25.955	26.0	.011
25.966	26.0	.008
25.975	26.0	.006
25.981	26.0	.005
25.986	26.0	.004
25.989	26.0	.003
25.992	26.0	.002
25.994	26.0	.002
25.995	26.0	.001
25.997	26.0	.001
25.997	26.0	.001
25.998	26.0	.000
25.999	26.0	.000
25.999	26.0	.000
25.999	26.0	.000
25.999	26.0	.000
26.000	26.0	.000
26.000	26.0	.000
26.000	26.0	.000
26.000	26.0	.000
26.000	26.0	.000
26.000	26.0	.000
26.000	26.0	.000
26.000	26.0	.000
26.000	26.0	.000
26.000	26.0	.000
26.000	26.0	.000
26.000	26.0	.000
26.000	26.0	.000
26.000	26.0	.000
26.000	26.0	.000
26.000	26.0	.000
26.000	26.0	.000
26.000	26.0	.000
26.000	26.0	.000
26.000	26.0	.000
26.000	26.0	.000
26.000	26.0	.000
26.000	26.0	.000
26.000	26.0	.000
26.000	26.0	.000
26.000	26.0	.000
26.000	26.0	.000
26.000	26.0	.000
26.000	26.0	.000
26.000	26.0	.000
26.000	26.0	.000
26.000	26.0	.000
26.000	26.0	.000
26.000	26.0	.000
26.000	26.0	.000
26.000	26.0	.000
26.000	26.0	.000
26.000	26.0	.000
26.000	26.0	.000
26.000	26.0	.000
26.000	26.0	.000
26.000	26.0	.000
26.000	26.0	.000
26.000	26.0	.000
26.000	26.0	.000
26.000	26.0	.000
26.000	26.0	.000
26.000	26.0	.000
26.000	26.0	.000
26.000	26.0	.000
26.000	26.0	.000
26.000	26.0	.000
26.000	26.0	.000
26.000	26.0	.000
26.000	26.0	.000
26.000	26.0	.000
26.000	26.0	.000
26.000	26.0	.000
26.000	26.0	.000
26.000	26.0	.000
26.000	26.0	.000
26.000	26.0	.000
26.000	26.0	.000
26.000	26.0	.000
26.000	26.0	.000
26.000	26.0	.000
26.000	26.0	.000
26.000	26.0	.000
26.000	26.0	.000
26.000	26.0	.000
26.000	26.0	.000
26.000	26.0	.000
26.000	26.0	.000
26.000	26.0	.000
26.000	26.0	.000
26.000	26.0	.000
26.000	26.0	.000
26.000	26.0	.000
26.000	26.0	.000
26.000	26.0	.000
26.000	26.0	.000
26.000	26.0	.000
26.000	26.0	.000
26.000	26.0	.000
26.000	26.0	.000
26.000	26.0	.000
26.000	26.0	.000
26.000	26.0	.000
26.000	26.0	.000
26.000	26.0	.000
26.000	26.0	.000
26.000	26.0	.000
11.000	21.0	2.500
13.500	21.0	1.875
15.375	21.0	1.406
16.781	21.0	1.055
17.836	21.0	.791
18.627	21.0	.593
19.220	21.0	.445
19.665	21.0	.334
19.999	21.0	.250
20.249	21.0	.188
20.437	21.0	.141
20.578	21.0	.106
20.683	21.0	.079
20.762	21.0	.059
20.822	21.0	.045
20.866	21.0	.033
20.900	21.0	.025
20.925	21.0	.019
20.944	21.0	.014
20.958	21.0	.011
20.968	21.0	.008
20.976	21.0	.006
20.982	21.0	.004
20.987	21.0	.003
20.990	21.0	.003
20.992	21.0	.002
20.994	21.0	.001
20.996	21.0	.001
20.997	21.0	.001
20.998	21.0	.001
20.998	21.0	.000
20.999	21.0	.000
20.999	21.0	.000
20.999	21.0	.000
20.999	21.0	.000
21.000	21.0	.000
21.000	21.0	.000
21.000	21.0	.000
21.000	21.0	.000
21.000	21.0	.000
21.000	21.0	.000
21.000	21.0	.000
21.000	21.0	.000
21.000	21.0	.000
21.000	21.0	.000
21.000	21.0	.000
21.000	21.0	.000
21.000	21.0	.000
21.000	21.0	.000
21.000	21.0	.000
21.000	21.0	.000
21.000	21.0	.000
21.000	21.0	.000
21.000	21.0	.000
21.000	21.0	.000
21.000	21.0	.000
21.000	21.0	.000
21.000	21.0	.000
21.000	21.0	.000
21.000	21.0	.000
21.000	21.0	.000
21.000	21.0	.000
21.000	21.0	.000
21.000	21.0	.000
21.000	21.0	.000
21.000	21.0	.000
21.000	21.0	.000
21.000	21.0	.000
21.000	21.0	.000
21.000	21.0	.000
21.000	21.0	.000
21.000	21.0	.000
21.000	21.0	.000
21.000	21.0	.000
21.000	21.0	.000
21.000	21.0	.000
21.000	21.0	.000
21.000	21.0	.000
21.000	21.0	.000
21.000	21.0	.000
21.000	21.0	.000
21.000	21.0	.000
21.000	21.0	.000
21.000	21.0	.000
21.000	21.0	.000
21.000	21.0	.000
21.000	21.0	.000
21.000	21.0	.000
21.000	21.0	.000
21.000	21.0	.000
21.000	21.0	.000
21.000	21.0	.000
21.000	21.0	.000
21.000	21.0	.000
21.000	21.0	.000
21.000	21.0	.000
21.000	21.0	.000
21.000	21.0	.000
21.000	21.0	.000
21.000	21.0	.000
21.000	21.0	.000
21.000	21.0	.000
21.000	21.0	.000
21.000	21.0	.000
21.000	21.0	.000
21.000	21.0	.000
21.000	21.0	.000
21.000	21.0	.000
21.000	21.0	.000
21.000	21.0	.000
21.000	21.0	.000
21.000	21.0	.000
21.000	21.0	.000
21.000	21.0	.000
21.000	21.0	.000
21.000	21.0	.000
21.000	21.0	.000
21.000	21.0	.000
21.000	21.0	.000
21.000	21.0	.000
21.000	21.0	.000
21.000	21.0	.000
21.000	21.0	.000
21.000	21.0	.000
21.000	21.0	.000
22.000	13.0	-2.250
19.750	13.0	-1.688
18.062	13.0	-1.266
16.797	13.0	-.949
15.848	13.0	-.712
15.136	13.0	-.534
14.602	13.0	-.400
14.201	13.0	-.300
13.901	13.0	-.225
13.676	13.0	-.169
13.507	13.0	-.127
13.380	13.0	-.095
13.285	13.0	-.071
13.214	13.0	-.053
13.160	13.0	-.040
13.120	13.0	-.030
13.090	13.0	-.023
13.068	13.0	-.017
13.051	13.0	-.013
13.038	13.0	-.010
13.029	13.0	-.007
13.021	13.0	-.005
13.016	13.0	-.004
13.012	13.0	-.003
13.009	13.0	-.002
13.007	13.0	-.002
13.005	13.0	-.001
13.004	13.0	-.001
13.003	13.0	-.001
13.002	13.0	-.001
13.002	13.0	-.000
13.001	13.0	-.000
13.001	13.0	-.000
13.001	13.0	-.000
13.001	13.0	-.000
13.000	13.0	-.000
13.000	13.0	-.000
13.000	13.0	-.000
13.000	13.0	-.000
13.000	13.0	-.000
13.000	13.0	-.000
13.000	13.0	-.000
13.000	13.0	-.000
13.000	13.0	-.000
13.000	13.0	-.000
13.000	13.0	-.000
13.000	13.0	-.000
13.000	13.0	-.000
13.000	13.0	-.000
13.000	13.0	-.000
13.000	13.0	-.000
13.000	13.0	-.000
13.000	13.0	-.000
13.000	13.0	-.000
13.000	13.0	-.000
13.000	13.0	-.000
13.000	13.0	-.000
13.000	13.0	-.000
13.000	13.0	-.000
13.000	13.0	-.000
13.000	13.0	-.000
13.000	13.0	-.000
13.000	13.0	-.000
13.000	13.0	-.000
13.000	13.0	-.000
13.000	13.0	-.000
13.000	13.0	-.000
13.000	13.0	-.000
13.000	13.0	-.000
13.000	13.0	-.000
13.000	13.0	-.000
13.000	13.0	-.000
13.000	13.0	-.000
13.000	13.0	-.000
13.000	13.0	-.000
13.000	13.0	-.000
13.000	13.0	-.000
13.000	13.0	-.000
13.000	13.0	-.000
13.000	13.0	-.000
13.000	13.0	-.000
13.000	13.0	-.000
13.000	13.0	-.000
13.000	13.0	-.000
13.000	13.0	-.000
13.000	13.0	-.000
13.000	13.0	-.000
13.000	13.0	-.000
13.000	13.0	-.000
13.000	13.0	-.000
13.000	13.0	-.000
13.000	13.0	-.000
13.000	13.0	-.000
13.000	13.0	-.000
13.000	13.0	-.000
13.000	13.0	-.000
13.000	13.0	-.000
13.000	13.0	-.000
13.000	13.0	-.000
13.000	13.0	-.000
13.000	13.0	-.000
13.000	13.0	-.000
13.000	13.0	-.000
13.000	13.0	-.000
13.000	13.0	-.000
13.000	13.0	-.000
13.000	13.0	-.000
13.000	13.0	-.000
13.000	13.0	-.000
13.000	13.0	-.000
13.000	13.0	-.000
13.000	13.0	-.000
13.000	13.0	-.000
13.000	13.0	-.000
13.000	13.0	-.000
13.000	13.0	-.000
13.000	13.0	-.000
13.000	13.0	-.000
13.000	13.0	-.000
13.000	13.0	-.000
13.000	13.0	-.000
13.000	13.0	-.000
13.000	13.0	-.000
13.000	13.0	-.000
13.000	13.0	-.000
6.000	7.0	.250
6.250	7.0	.188
6.438	7.0	.141
6.578	7.0	.105
6.684	7.0	.079
6.763	7.0	.059
6.822	7.0	.044
6.867	7.0	.033
6.900	7.0	.025
6.925	7.0	.019
6.944	7.0	.014
6.958	7.0	.011
6.968	7.0	.008
6.976	7.0	.006
6.982	7.0	.004
6.987	7.0	.003
6.990	7.0	.003
6.992	7.0	.002
6.994	7.0	.001
6.996	7.0	.001
6.997	7.0	.001
6.998	7.0	.001
6.998	7.0	.000
6.999	7.0	.000
6.999	7.0	.000
6.999	7.0	.000
6.999	7.0	.000
7.000	7.0	.000
7.000	7.0	.000
7.000	7.0	.000
7.000	7.0	.000
7.000	7.0	.000
7.000	7.0	.000
7.000	7.0	.000
7.000	7.0	.000
7.000	7.0	.000
7.000	7.0	.000
7.000	7.0	.000
7.000	7.0	.000
7.000	7.0	.000
7.000	7.0	.000
7.000	7.0	.000
7.000	7.0	.000
7.000	7.0	.000
7.000	7.0	.000
7.000	7.0	.000
7.000	7.0	.000
7.000	7.0	.000
7.000	7.0	.000
7.000	7.0	.000
7.000	7.0	.000
7.000	7.0	.000
7.000	7.0	.000
7.000	7.0	.000
7.000	7.0	.000
7.000	7.0	.000
7.000	7.0	.000
7.000	7.0	.000
7.000	7.0	.000
7.000	7.0	.000
7.000	7.0	.000
7.000	7.0	.000
7.000	7.0	.000
7.000	7.0	.000
7.000	7.0	.000
7.000	7.0	.000
7.000	7.0	.000
7.000	7.0	.000
7.000	7.0	.000
7.000	7.0	.000
7.000	7.0	.000
7.000	7.0	.000
7.000	7.0	.000
7.000	7.0	.000
7.000	7.0	.000
7.000	7.0	.000
7.000	7.0	.000
7.000	7.0	.000
7.000	7.0	.000
7.000	7.0	.000
7.000	7.0	.000
7.000	7.0	.000
7.000	7.0	.000
7.000	7.0	.000
7.000	7.0	.000
7.000	7.0	.000
7.000	7.0	.000
7.000	7.0	.000
7.000	7.0	.000
7.000	7.0	.000
7.000	7.0	.000
7.000	7.0	.000
7.000	7.0	.000
7.000	7.0	.000
7.000	7.0	.000
7.000	7.0	.000
7.000	7.0	.000
7.000	7.0	.000
7.000	7.0	.000
7.000	7.0	.000
7.000	7.0	.000
7.000	7.0	.000
7.000	7.0	.000
7.000	7.0	.000
7.000	7.0	.000
7.000	7.0	.000
7.000	7.0	.000
7.000	7.0	.000
7.000	7.0	.000
7.000	7.0	.000
7.000	7.0	.000
7.000	7.0	.000
7.000	7.0	.000
7.000	7.0	.000
7.000	7.0	.000
7.000	7.0	.000
7.000	7.0	.000
7.000	7.0	.000
7.000	7.0	.000
7.000	7.0	.000
7.000	7.0	.000
7.000	7.0	.000
7.000	7.0	.000
7.000	7.0	.000
7.000	7.0	.000
8.000	9.0	.250
8.250	9.0	.188
8.438	9.0	.141
8.578	9.0	.105
8.684	9.0	.079
8.763	9.0	.059
8.822	9.0	.044
8.867	9.0	.033
8.900	9.0	.025
8.925	9.0	.019
8.944	9.0	.014
8.958	9.0	.011
8.968	9.0	.008
8.976	9.0	.006
8.982	9.0	.004
8.987	9.0	.003
8.990	9.0	.003
8.992	9.0	.002
8.994	9.0	.001
8.996	9.0	.001
8.997	9.0	.001
8.998	9.0	.001
8.998	9.0	.000
8.999	9.0	.000
8.999	9.0	.000
8.999	9.0	.000
8.999	9.0	.000
9.000	9.0	.000
9.000	9.0	.000
9.000	9.0	.000
9.000	9.0	.000
9.000	9.0	.000
9.000	9.0	.000
9.000	9.0	.000
9.000	9.0	.000
9.000	9.0	.000
9.000	9.0	.000
9.000	9.0	.000
9.000	9.0	.000
9.000	9.0	.000
9.000	9.0	.000
9.000	9.0	.000
9.000	9.0	.000
9.000	9.0	.000
9.000	9.0	.000
9.000	9.0	.000
9.000	9.0	.000
9.000	9.0	.000
9.000	9.0	.000
9.000	9.0	.000
9.000	9.0	.000
9.000	9.0	.000
9.000	9.0	.000
9.000	9.0	.000
9.000	9.0	.000
9.000	9.0	.000
9.000	9.0	.000
9.000	9.0	.000
9.000	9.0	.000
9.000	9.0	.000
9.000	9.0	.000
9.000	9.0	.000
9.000	9.0	.000
9.000	9.0	.000
9.000	9.0	.000
9.000	9.0	.000
9.000	9.0	.000
9.000	9.0	.000
9.000	9.0	.000
9.000	9.0	.000
9.000	9.0	.000
9.000	9.0	.000
9.000	9.0	.000
9.000	9.0	.000
9.000	9.0	.000
9.000	9.0	.000
9.000	9.0	.000
9.000	9.0	.000
9.000	9.0	.000
9.000	9.0	.000
9.000	9.0	.000
9.000	9.0	.000
9.000	9.0	.000
9.000	9.0	.000
9.000	9.0	.000
9.000	9.0	.000
9.000	9.0	.000
9.000	9.0	.000
9.000	9.0	.000
9.000	9.0	.000
9.000	9.0	.000
9.000	9.0	.000
9.000	9.0	.000
9.000	9.0	.000
9.000	9.0	.000
9.000	9.0	.000
9.000	9.0	.000
9.000	9.0	.000
9.000	9.0	.000
9.000	9.0	.000
9.000	9.0	.000
9.000	9.0	.000
9.000	9.0	.000
9.000	9.0	.000
9.000	9.0	.000
9.000	9.0	.000
9.000	9.0	.000
9.000	9.0	.000
9.000	9.0	.000
9.000	9.0	.000
9.000	9.0	.000
9.000	9.0	.000
9.000	9.0	.000
9.000	9.0	.000
9.000	9.0	.000
9.000	9.0	.000
9.000	9.0	.000
9.000	9.0	.000
9.000	9.0	.000
9.000	9.0	.000
9.000	9.0	.000
9.000	9.0	.000
9.000	9.0	.000
9.000	9.0	.000
9.000	9.0	.000
18.000	24.0	1.500
19.500	24.0	1.125
20.625	24.0	.844
21.469	24.0	.633
22.102	24.0	.475
22.576	24.0	.356
22.932	24.0	.267
23.199	24.0	.200
23.399	24.0	.150
23.549	24.0	.113
23.662	24.0	.084
23.747	24.0	.063
23.810	24.0	.048
23.857	24.0	.036
23.893	24.0	.027
23.920	24.0	.020
23.940	24.0	.015
23.955	24.0	.011
23.966	24.0	.008
23.975	24.0	.006
23.981	24.0	.005
23.986	24.0	.004
23.989	24.0	.003
23.992	24.0	.002
23.994	24.0	.002
23.995	24.0	.001
23.997	24.0	.001
23.997	24.0	.001
23.998	24.0	.000
23.999	24.0	.000
23.999	24.0	.000
23.999	24.0	.000
23.999	24.0	.000
24.000	24.0	.000
24.000	24.0	.000
24.000	24.0	.000
24.000	24.0	.000
24.000	24.0	.000
24.000	24.0	.000
24.000	24.0	.000
24.000	24.0	.000
24.000	24.0	.000
24.000	24.0	.000
24.000	24.0	.000
24.000	24.0	.000
24.000	24.0	.000
24.000	24.0	.000
24.000	24.0	.000
24.000	24.0	.000
24.000	24.0	.000
24.000	24.0	.000
24.000	24.0	.000
24.000	24.0	.000
24.000	24.0	.000
24.000	24.0	.000
24.000	24.0	.000
24.000	24.0	.000
24.000	24.0	.000
24.000	24.0	.000
24.000	24.0	.000
24.000	24.0	.000
24.000	24.0	.000
24.000	24.0	.000
24.000	24.0	.000
24.000	24.0	.000
24.000	24.0	.000
24.000	24.0	.000
24.000	24.0	.000
24.000	24.0	.000
24.000	24.0	.000
24.000	24.0	.000
24.000	24.0	.000
24.000	24.0	.000
24.000	24.0	.000
24.000	24.0	.000
24.000	24.0	.000
24.000	24.0	.000
24.000	24.0	.000
24.000	24.0	.000
24.000	24.0	.000
24.000	24.0	.000
24.000	24.0	.000
24.000	24.0	.000
24.000	24.0	.000
24.000	24.0	.000
24.000	24.0	.000
24.000	24.0	.000
24.000	24.0	.000
24.000	24.0	.000
24.000	24.0	.000
24.000	24.0	.000
24.000	24.0	.000
24.000	24.0	.000
24.000	24.0	.000
24.000	24.0	.000
24.000	24.0	.000
24.000	24.0	.000
24.000	24.0	.000
24.000	24.0	.000
24.000	24.0	.000
24.000	24.0	.000
24.000	24.0	.000
24.000	24.0	.000
24.000	24.0	.000
24.000	24.0	.000
24.000	24.0	.000
24.000	24.0	.000
24.000	24.0	.000
24.000	24.0	.000
24.000	24.0	.000
24.000	24.0	.000
24.000	24.0	.000
24.000	24.0	.000
24.000	24.0	.000
24.000	24.0	.000
24.000	24.0	.000
24.000	24.0	.000
24.000	24.0	.000
24.000	24.0	.000
24.000	24.0	.000
24.000	24.0	.000
24.000	24.0	.000
24.000	24.0	.000
24.000	24.0	.000
24.000	24.0	.000
13.000	29.0	4.000
17.000	29.0	3.000
20.000	29.0	2.250
22.250	29.0	1.688
23.938	29.0	1.266
25.203	29.0	.949
26.152	29.0	.712
26.864	29.0	.534
27.398	29.0	.400
27.799	29.0	.300
28.099	29.0	.225
28.324	29.0	.169
28.493	29.0	.127
28.620	29.0	.095
28.715	29.0	.071
28.786	29.0	.053
28.840	29.0	.040
28.880	29.0	.030
28.910	29.0	.023
28.932	29.0	.017
28.949	29.0	.013
28.962	29.0	.010
28.971	29.0	.007
28.979	29.0	.005
28.984	29.0	.004
28.988	29.0	.003
28.991	29.0	.002
28.993	29.0	.002
28.995	29.0	.001
28.996	29.0	.001
28.997	29.0	.001
28.998	29.0	.001
28.998	29.0	.000
28.999	29.0	.000
28.999	29.0	.000
28.999	29.0	.000
28.999	29.0	.000
29.000	29.0	.000
29.000	29.0	.000
29.000	29.0	.000
29.000	29.0	.000
29.000	29.0	.000
29.000	29.0	.000
29.000	29.0	.000
29.000	29.0	.000
29.000	29.0	.000
29.000	29.0	.000
29.000	29.0	.000
29.000	29.0	.000
29.000	29.0	.000
29.000	29.0	.000
29.000	29.0	.000
29.000	29.0	.000
29.000	29.0	.000
29.000	29.0	.000
29.000	29.0	.000
29.000	29.0	.000
29.000	29.0	.000
29.000	29.0	.000
29.000	29.0	.000
29.000	29.0	.000
29.000	29.0	.000
29.000	29.0	.000
29.000	29.0	.000
29.000	29.0	.000
29.000	29.0	.000
29.000	29.0	.000
29.000	29.0	.000
29.000	29.0	.000
29.000	29.0	.000
29.000	29.0	.000
29.000	29.0	.000
29.000	29.0	.000
29.000	29.0	.000
29.000	29.0	.000
29.000	29.0	.000
29.000	29.0	.000
29.000	29.0	.000
29.000	29.0	.000
29.000	29.0	.000
29.000	29.0	.000
29.000	29.0	.000
29.000	29.0	.000
29.000	29.0	.000
29.000	29.0	.000
29.000	29.0	.000
29.000	29.0	.000
29.000	29.0	.000
29.000	29.0	.000
29.000	29.0	.000
29.000	29.0	.000
29.000	29.0	.000
29.000	29.0	.000
29.000	29.0	.000
29.000	29.0	.000
29.000	29.0	.000
29.000	29.0	.000
29.000	29.0	.000
29.000	29.0	.000
29.000	29.0	.000
29.000	29.0	.000
29.000	29.0	.000
29.000	29.0	.000
29.000	29.0	.000
29.000	29.0	.000
29.000	29.0	.000
29.000	29.0	.000
29.000	29.0	.000
29.000	29.0	.000
29.000	29.0	.000
29.000	29.0	.000
29.000	29.0	.000
29.000	29.0	.000
29.000	29.0	.000
29.000	29.0	.000
29.000	29.0	.000
29.000	29.0	.000
29.000	29.0	.000
29.000	29.0	.000
29.000	29.0	.000
29.000	29.0	.000
29.000	29.0	.000
29.000	29.0	.000
29.000	29.0	.000
29.000	29.0	.000
30.000	24.0	-1.500
28.500	24.0	-1.125
27.375	24.0	-.844
26.531	24.0	-.633
25.898	24.0	-.475
25.424	24.0	-.356
25.068	24.0	-.267
24.801	24.0	-.200
24.601	24.0	-.150
24.451	24.0	-.113
24.338	24.0	-.084
24.253	24.0	-.063
24.190	24.0	-.048
24.143	24.0	-.036
24.107	24.0	-.027
24.080	24.0	-.020
24.060	24.0	-.015
24.045	24.0	-.011
24.034	24.0	-.008
24.025	24.0	-.006
24.019	24.0	-.005
24.014	24.0	-.004
24.011	24.0	-.003
24.008	24.0	-.002
24.006	24.0	-.002
24.005	24.0	-.001
24.003	24.0	-.001
24.003	24.0	-.001
24.002	24.0	-.000
24.001	24.0	-.000
24.001	24.0	-.000
24.001	24.0	-.000
24.001	24.0	-.000
24.000	24.0	-.000
24.000	24.0	-.000
24.000	24.0	-.000
24.000	24.0	-.000
24.000	24.0	-.000
24.000	24.0	-.000
24.000	24.0	-.000
24.000	24.0	-.000
24.000	24.0	-.000
24.000	24.0	-.000
24.000	24.0	-.000
24.000	24.0	-.000
24.000	24.0	-.000
24.000	24.0	-.000
24.000	24.0	-.000
24.000	24.0	-.000
24.000	24.0	-.000
24.000	24.0	-.000
24.000	24.0	-.000
24.000	24.0	-.000
24.000	24.0	-.000
24.000	24.0	-.000
24.000	24.0	-.000
24.000	24.0	-.000
24.000	24.0	-.000
24.000	24.0	-.000
24.000	24.0	-.000
24.000	24.0	-.000
24.000	24.0	-.000
24.000	24.0	-.000
24.000	24.0	-.000
24.000	24.0	-.000
24.000	24.0	-.000
24.000	24.0	-.000
24.000	24.0	-.000
24.000	24.0	-.000
24.000	24.0	-.000
24.000	24.0	-.000
24.000	24.0	-.000
24.000	24.0	-.000
24.000	24.0	-.000
24.000	24.0	-.000
10.000	20.0	2.500
12.500	20.0	1.875
14.375	20.0	1.406
15.781	20.0	1.055
16.836	20.0	.791
17.627	20.0	.593
18.220	20.0	.445
18.665	20.0	.334
18.999	20.0	.250
19.249	20.0	.188
19.437	20.0	.141
19.578	20.0	.106
19.683	20.0	.079
19.762	20.0	.059
19.822	20.0	.045
19.866	20.0	.033
19.900	20.0	.025
19.925	20.0	.019
19.944	20.0	.014
19.958	20.0	.011
19.968	20.0	.008
19.976	20.0	.006
19.982	20.0	.004
19.987	20.0	.003
19.990	20.0	.003
19.992	20.0	.002
19.994	20.0	.001
19.996	20.0	.001
19.997	20.0	.001
19.998	20.0	.001
19.998	20.0	.000
19.999	20.0	.000
19.999	20.0	.000
19.999	20.0	.000
19.999	20.0	.000
20.000	20.0	.000
20.000	20.0	.000
20.000	20.0	.000
20.000	20.0	.000
20.000	20.0	.000
20.000	20.0	.000
20.000	20.0	.000
20.000	20.0	.000
20.000	20.0	.000
20.000	20.0	.000
20.000	20.0	.000
20.000	20.0	.000
20.000	20.0	.000
20.000	20.0	.000
20.000	20.0	.000
20.000	20.0	.000
20.000	20.0	.000
20.000	20.0	.000
20.000	20.0	.000
20.000	20.0	.000
20.000	20.0	.000
20.000	20.0	.000
20.000	20.0	.000
20.000	20.0	.000
20.000	20.0	.000
20.000	20.0	.000
20.000	20.0	.000
20.000	20.0	.000
20.000	20.0	.000
20.000	20.0	.000
20.000	20.0	.000
20.000	20.0	.000
20.000	20.0	.000
20.000	20.0	.000
20.000	20.0	.000
20.000	20.0	.000
20.000	20.0	.000
20.000	20.0	.000
20.000	20.0	.000
20.000	20.0	.000
20.000	20.0	.000
20.000	20.0	.000
20.000	20.0	.000
20.000	20.0	.000
20.000	20.0	.000
20.000	20.0	.000
20.000	20.0	.000
20.000	20.0	.000
20.000	20.0	.000
20.000	20.0	.000
20.000	20.0	.000
20.000	20.0	.000
20.000	20.0	.000
20.000	20.0	.000
20.000	20.0	.000
20.000	20.0	.000
20.000	20.0	.000
20.000	20.0	.000
20.000	20.0	.000
20.000	20.0	.000
20.000	20.0	.000
20.000	20.0	.000
20.000	20.0	.000
20.000	20.0	.000
20.000	20.0	.000
20.000	20.0	.000
20.000	20.0	.000
20.000	20.0	.000
20.000	20.0	.000
20.000	20.0	.000
20.000	20.0	.000
20.000	20.0	.000
20.000	20.0	.000
20.000	20.0	.000
20.000	20.0	.000
20.000	20.0	.000
20.000	20.0	.000
20.000	20.0	.000
20.000	20.0	.000
20.000	20.0	.000
20.000	20.0	.000
20.000	20.0	.000
20.000	20.0	.000
20.000	20.0	.000
20.000	20.0	.000
20.000	20.0	.000
20.000	20.0	.000
20.000	20.0	.000
20.000	20.0	.000
20.000	20.0	.000
7.000	30.0	4.000
11.000	30.0	4.000
15.000	30.0	3.750
18.750	30.0	2.812
21.562	30.0	2.109
23.672	30.0	1.582
25.254	30.0	1.187
26.440	30.0	.890
27.330	30.0	.667
27.998	30.0	.501
28.498	30.0	.375
28.874	30.0	.282
29.155	30.0	.211
29.366	30.0	.158
29.525	30.0	.119
29.644	30.0	.089
29.733	30.0	.067
29.800	30.0	.050
29.850	30.0	.038
29.887	30.0	.028
29.915	30.0	.021
29.937	30.0	.016
29.952	30.0	.012
29.964	30.0	.009
29.973	30.0	.007
24.000	24.0	-.000
24.000	24.0	-.000
24.000	24.0	-.000
24.000	24.0	-.000
24.000	24.0	-.000
24.000	24.0	-.000
24.000	24.0	-.000
24.000	24.0	-.000
24.000	24.0	-.000
24.000	24.0	-.000
24.000	24.0	-.000
24.000	24.0	-.000
24.000	24.0	-.000
24.000	24.0	-.000
24.000	24.0	-.000
24.000	24.0	-.000
24.000	24.0	-.000
24.000	24.0	-.000
24.000	24.0	-.000
24.000	24.0	-.000
24.000	24.0	-.000
24.000	24.0	-.000
24.000	24.0	-.000
24.000	24.0	-.000
24.000	24.0	-.000
24.000	24.0	-.000
24.000	24.0	-.000
24.000	24.0	-.000
24.000	24.0	-.000
24.000	24.0	-.000
24.000	24.0	-.000
24.000	24.0	-.000
24.000	24.0	-.000
24.000	24.0	-.000
24.000	24.0	-.000
24.000	24.0	-.000
24.000	24.0	-.000
24.000	24.0	-.000
24.000	24.0	-.000
24.000	24.0	-.000
24.000	24.0	-.000
24.000	24.0	-.000
24.000	24.0	-.000
24.000	24.0	-.000
24.000	24.0	-.000
24.000	24.0	-.000
24.000	24.0	-.000
24.000	24.0	-.000
24.000	24.0	-.000
24.000	24.0	-.000
21.000	7.0	-3.500
17.500	7.0	-2.625
14.875	7.0	-1.969
12.906	7.0	-1.477
11.430	7.0	-1.107
10.322	7.0	-.831
9.492	7.0	-.623
8.869	7.0	-.467
8.402	7.0	-.350
8.051	7.0	-.263
7.788	7.0	-.197
7.591	7.0	-.148
7.443	7.0	-.111
7.333	7.0	-.083
7.249	7.0	-.062
7.187	7.0	-.047
7.140	7.0	-.035
7.105	7.0	-.026
7.079	7.0	-.020
7.059	7.0	-.015
7.044	7.0	-.011
7.033	7.0	-.008
7.025	7.0	-.006
7.019	7.0	-.005
7.014	7.0	-.004
7.011	7.0	-.003
7.008	7.0	-.002
7.006	7.0	-.001
7.004	7.0	-.001
7.003	7.0	-.001
7.003	7.0	-.001
7.002	7.0	-.000
7.001	7.0	-.000
7.001	7.0	-.000
7.001	7.0	-.000
7.001	7.0	-.000
7.000	7.0	-.000
7.000	7.0	-.000
7.000	7.0	-.000
7.000	7.0	-.000
7.000	7.0	-.000
7.000	7.0	-.000
7.000	7.0	-.000
7.000	7.0	-.000
7.000	7.0	-.000
7.000	7.0	-.000
7.000	7.0	-.000
7.000	7.0	-.000
7.000	7.0	-.000
7.000	7.0	-.000
7.000	7.0	-.000
7.000	7.0	-.000
7.000	7.0	-.000
7.000	7.0	-.000
7.000	7.0	-.000
7.000	7.0	-.000
7.000	7.0	-.000
7.000	7.0	-.000
7.000	7.0	-.000
7.000	7.0	-.000
7.000	7.0	-.000
7.000	7.0	-.000
7.000	7.0	-.000
7.000	7.0	-.000
7.000	7.0	-.000
7.000	7.0	-.000
7.000	7.0	-.000
7.000	7.0	-.000
7.000	7.0	-.000
7.000	7.0	-.000
7.000	7.0	-.000
7.000	7.0	-.000
7.000	7.0	-.000
7.000	7.0	-.000
7.000	7.0	-.000
7.000	7.0	-.000
7.000	7.0	-.000
7.000	7.0	-.000
7.000	7.0	-.000
7.000	7.0	-.000
7.000	7.0	-.000
7.000	7.0	-.000
7.000	7.0	-.000
7.000	7.0	-.000
7.000	7.0	-.000
7.000	7.0	-.000
7.000	7.0	-.000
7.000	7.0	-.000
7.000	7.0	-.000
7.000	7.0	-.000
7.000	7.0	-.000
7.000	7.0	-.000
7.000	7.0	-.000
7.000	7.0	-.000
7.000	7.0	-.000
7.000	7.0	-.000
7.000	7.0	-.000
7.000	7.0	-.000
7.000	7.0	-.000
7.000	7.0	-.000
7.000	7.0	-.000
7.000	7.0	-.000
7.000	7.0	-.000
7.000	7.0	-.000
7.000	7.0	-.000
7.000	7.0	-.000
7.000	7.0	-.000
7.000	7.0	-.000
7.000	7.0	-.000
7.000	7.0	-.000
7.000	7.0	-.000
7.000	7.0	-.000
7.000	7.0	-.000
7.000	7.0	-.000
7.000	7.0	-.000
7.000	7.0	-.000
7.000	7.0	-.000
7.000	7.0	-.000
7.000	7.0	-.000
7.000	7.0	-.000
7.000	7.0	-.000
7.000	7.0	-.000
7.000	7.0	-.000
7.000	7.0	-.000
7.000	7.0	-.000
24.000	23.0	-.250
23.750	23.0	-.188
23.562	23.0	-.141
23.422	23.0	-.105
23.316	23.0	-.079
23.237	23.0	-.059
23.178	23.0	-.044
23.133	23.0	-.033
23.100	23.0	-.025
23.075	23.0	-.019
23.056	23.0	-.014
23.042	23.0	-.011
23.032	23.0	-.008
23.024	23.0	-.006
23.018	23.0	-.004
23.013	23.0	-.003
23.010	23.0	-.003
23.008	23.0	-.002
23.006	23.0	-.001
23.004	23.0	-.001
23.003	23.0	-.001
23.002	23.0	-.001
23.002	23.0	-.000
23.001	23.0	-.000
23.001	23.0	-.000
23.001	23.0	-.000
23.001	23.0	-.000
23.000	23.0	-.000
23.000	23.0	-.000
23.000	23.0	-.000
23.000	23.0	-.000
23.000	23.0	-.000
23.000	23.0	-.000
23.000	23.0	-.000
23.000	23.0	-.000
23.000	23.0	-.000
23.000	23.0	-.000
23.000	23.0	-.000
23.000	23.0	-.000
23.000	23.0	-.000
23.000	23.0	-.000
23.000	23.0	-.000
23.000	23.0	-.000
23.000	23.0	-.000
23.000	23.0	-.000
23.000	23.0	-.000
23.000	23.0	-.000
23.000	23.0	-.000
23.000	23.0	-.000
23.000	23.0	-.000
23.000	23.0	-.000
23.000	23.0	-.000
23.000	23.0	-.000
23.000	23.0	-.000
23.000	23.0	-.000
23.000	23.0	-.000
23.000	23.0	-.000
23.000	23.0	-.000
23.000	23.0	-.000
23.000	23.0	-.000
23.000	23.0	-.000
23.000	23.0	-.000
23.000	23.0	-.000
23.000	23.0	-.000
23.000	23.0	-.000
23.000	23.0	-.000
23.000	23.0	-.000
23.000	23.0	-.000
23.000	23.0	-.000
23.000	23.0	-.000
23.000	23.0	-.000
23.000	23.0	-.000
23.000	23.0	-.000
23.000	23.0	-.000
23.000	23.0	-.000
23.000	23.0	-.000
23.000	23.0	-.000
23.000	23.0	-.000
23.000	23.0	-.000
23.000	23.0	-.000
23.000	23.0	-.000
23.000	23.0	-.000
23.000	23.0	-.000
23.000	23.0	-.000
23.000	23.0	-.000
23.000	23.0	-.000
23.000	23.0	-.000
23.000	23.0	-.000
23.000	23.0	-.000
23.000	23.0	-.000
23.000	23.0	-.000
23.000	23.0	-.000
23.000	23.0	-.000
23.000	23.0	-.000
23.000	23.0	-.000
23.000	23.0	-.000
23.000	23.0	-.000
23.000	23.0	-.000
23.000	23.0	-.000
23.000	23.0	-.000
23.000	23.0	-.000
23.000	23.0	-.000
23.000	23.0	-.000
23.000	23.0	-.000
23.000	23.0	-.000
23.000	23.0	-.000
23.000	23.0	-.000
23.000	23.0	-.000
23.000	23.0	-.000
23.000	23.0	-.000
23.000	23.0	-.000
23.000	23.0	-.000
23.000	23.0	-.000
23.000	23.0	-.000
23.000	23.0	-.000
23.000	23.0	-.000
23.000	23.0	-.000
23.000	23.0	-.000
23.000	23.0	-.000
23.000	23.0	-.000
23.000	23.0	-.000
23.000	23.0	-.000
23.000	23.0	-.000
23.000	23.0	-.000
23.000	23.0	-.000
1.000	14.0	3.250
4.250	14.0	2.438
6.688	14.0	1.828
8.516	14.0	1.371
9.887	14.0	1.028
10.915	14.0	.771
11.686	14.0	.578
12.265	14.0	.434
12.699	14.0	.325
13.024	14.0	.244
13.268	14.0	.183
13.451	14.0	.137
13.588	14.0	.103
13.691	14.0	.077
13.768	14.0	.058
13.826	14.0	.043
13.870	14.0	.033
13.902	14.0	.024
13.927	14.0	.018
13.945	14.0	.014
13.959	14.0	.010
13.969	14.0	.008
13.977	14.0	.006
13.983	14.0	.004
13.987	14.0	.003
13.990	14.0	.002
13.993	14.0	.002
13.994	14.0	.001
13.996	14.0	.001
13.997	14.0	.001
13.998	14.0	.001
13.998	14.0	.000
13.999	14.0	.000
13.999	14.0	.000
13.999	14.0	.000
13.999	14.0	.000
14.000	14.0	.000
14.000	14.0	.000
14.000	14.0	.000
14.000	14.0	.000
14.000	14.0	.000
14.000	14.0	.000
14.000	14.0	.000
14.000	14.0	.000
14.000	14.0	.000
14.000	14.0	.000
14.000	14.0	.000
14.000	14.0	.000
14.000	14.0	.000
14.000	14.0	.000
14.000	14.0	.000
14.000	14.0	.000
14.000	14.0	.000
14.000	14.0	.000
14.000	14.0	.000
14.000	14.0	.000
14.000	14.0	.000
14.000	14.0	.000
14.000	14.0	.000
14.000	14.0	.000
14.000	14.0	.000
14.000	14.0	.000
14.000	14.0	.000
14.000	14.0	.000
14.000	14.0	.000
14.000	14.0	.000
14.000	14.0	.000
14.000	14.0	.000
14.000	14.0	.000
14.000	14.0	.000
14.000	14.0	.000
14.000	14.0	.000
14.000	14.0	.000
14.000	14.0	.000
14.000	14.0	.000
14.000	14.0	.000
14.000	14.0	.000
14.000	14.0	.000
14.000	14.0	.000
14.000	14.0	.000
14.000	14.0	.000
14.000	14.0	.000
14.000	14.0	.000
14.000	14.0	.000
14.000	14.0	.000
14.000	14.0	.000
14.000	14.0	.000
14.000	14.0	.000
14.000	14.0	.000
14.000	14.0	.000
14.000	14.0	.000
14.000	14.0	.000
14.000	14.0	.000
14.000	14.0	.000
14.000	14.0	.000
14.000	14.0	.000
14.000	14.0	.000
14.000	14.0	.000
14.000	14.0	.000
14.000	14.0	.000
14.000	14.0	.000
14.000	14.0	.000
14.000	14.0	.000
14.000	14.0	.000
14.000	14.0	.000
14.000	14.0	.000
14.000	14.0	.000
14.000	14.0	.000
14.000	14.0	.000
14.000	14.0	.000
14.000	14.0	.000
14.000	14.0	.000
14.000	14.0	.000
14.000	14.0	.000
14.000	14.0	.000
14.000	14.0	.000
14.000	14.0	.000
14.000	14.0	.000
14.000	14.0	.000
14.000	14.0	.000
14.000	14.0	.000
14.000	14.0	.000
14.000	14.0	.000
14.000	14.0	.000
14.000	14.0	.000
8.000	11.0	.750
8.750	11.0	.562
9.312	11.0	.422
9.734	11.0	.316
10.051	11.0	.237
10.288	11.0	.178
10.466	11.0	.133
10.600	11.0	.100
10.700	11.0	.075
10.775	11.0	.056
10.831	11.0	.042
10.873	11.0	.032
10.905	11.0	.024
10.929	11.0	.018
10.947	11.0	.013
10.960	11.0	.010
10.970	11.0	.008
10.977	11.0	.006
10.983	11.0	.004
10.987	11.0	.003
10.990	11.0	.002
10.993	11.0	.002
10.995	11.0	.001
10.996	11.0	.001
10.997	11.0	.001
10.998	11.0	.001
10.998	11.0	.000
10.999	11.0	.000
10.999	11.0	.000
10.999	11.0	.000
10.999	11.0	.000
11.000	11.0	.000
11.000	11.0	.000
11.000	11.0	.000
11.000	11.0	.000
11.000	11.0	.000
11.000	11.0	.000
11.000	11.0	.000
11.000	11.0	.000
11.000	11.0	.000
11.000	11.0	.000
11.000	11.0	.000
11.000	11.0	.000
11.000	11.0	.000
11.000	11.0	.000
11.000	11.0	.000
11.000	11.0	.000
11.000	11.0	.000
11.000	11.0	.000
11.000	11.0	.000
11.000	11.0	.000
11.000	11.0	.000
11.000	11.0	.000
11.000	11.0	.000
11.000	11.0	.000
11.000	11.0	.000
11.000	11.0	.000
11.000	11.0	.000
11.000	11.0	.000
11.000	11.0	.000
11.000	11.0	.000
11.000	11.0	.000
11.000	11.0	.000
11.000	11.0	.000
11.000	11.0	.000
11.000	11.0	.000
11.000	11.0	.000
11.000	11.0	.000
11.000	11.0	.000
11.000	11.0	.000
11.000	11.0	.000
11.000	11.0	.000
11.000	11.0	.000
11.000	11.0	.000
11.000	11.0	.000
11.000	11.0	.000
11.000	11.0	.000
11.000	11.0	.000
11.000	11.0	.000
11.000	11.0	.000
11.000	11.0	.000
11.000	11.0	.000
11.000	11.0	.000
11.000	11.0	.000
11.000	11.0	.000
11.000	11.0	.000
11.000	11.0	.000
11.000	11.0	.000
11.000	11.0	.000
11.000	11.0	.000
11.000	11.0	.000
11.000	11.0	.000
11.000	11.0	.000
11.000	11.0	.000
11.000	11.0	.000
11.000	11.0	.000
11.000	11.0	.000
11.000	11.0	.000
11.000	11.0	.000
11.000	11.0	.000
11.000	11.0	.000
11.000	11.0	.000
11.000	11.0	.000
11.000	11.0	.000
11.000	11.0	.000
11.000	11.0	.000
11.000	11.0	.000
11.000	11.0	.000
11.000	11.0	.000
11.000	11.0	.000
11.000	11.0	.000
11.000	11.0	.000
11.000	11.0	.000
11.000	11.0	.000
11.000	11.0	.000
11.000	11.0	.000
11.000	11.0	.000
11.000	11.0	.000
11.000	11.0	.000
11.000	11.0	.000
11.000	11.0	.000
11.000	11.0	.000
11.000	11.0	.000
11.000	11.0	.000
11.000	11.0	.000
5.000	26.0	4.000
9.000	26.0	4.000
13.000	26.0	3.250
16.250	26.0	2.438
18.688	26.0	1.828
20.516	26.0	1.371
21.887	26.0	1.028
22.915	26.0	.771
23.686	26.0	.578
24.265	26.0	.434
24.699	26.0	.325
25.024	26.0	.244
25.268	26.0	.183
25.451	26.0	.137
25.588	26.0	.103
25.691	26.0	.077
25.768	26.0	.058
25.826	26.0	.043
25.870	26.0	.033
25.902	26.0	.024
25.927	26.0	.018
25.945	26.0	.014
25.959	26.0	.010
25.969	26.0	.008
25.977	26.0	.006
25.983	26.0	.004
25.987	26.0	.003
25.990	26.0	.002
25.993	26.0	.002
25.994	26.0	.001
25.996	26.0	.001
25.997	26.0	.001
25.998	26.0	.001
25.998	26.0	.000
25.999	26.0	.000
25.999	26.0	.000
25.999	26.0	.000
25.999	26.0	.000
26.000	26.0	.000
26.000	26.0	.000
26.000	26.0	.000
26.000	26.0	.000
26.000	26.0	.000
26.000	26.0	.000
26.000	26.0	.000
26.000	26.0	.000
26.000	26.0	.000
26.000	26.0	.000
26.000	26.0	.000
26.000	26.0	.000
26.000	26.0	.000
26.000	26.0	.000
26.000	26.0	.000
26.000	26.0	.000
26.000	26.0	.000
26.000	26.0	.000
26.000	26.0	.000
26.000	26.0	.000
26.000	26.0	.000
26.000	26.0	.000
26.000	26.0	.000
26.000	26.0	.000
26.000	26.0	.000
26.000	26.0	.000
26.000	26.0	.000
26.000	26.0	.000
26.000	26.0	.000
26.000	26.0	.000
26.000	26.0	.000
26.000	26.0	.000
26.000	26.0	.000
26.000	26.0	.000
26.000	26.0	.000
26.000	26.0	.000
26.000	26.0	.000
26.000	26.0	.000
26.000	26.0	.000
26.000	26.0	.000
26.000	26.0	.000
26.000	26.0	.000
26.000	26.0	.000
26.000	26.0	.000
26.000	26.0	.000
26.000	26.0	.000
26.000	26.0	.000
26.000	26.0	.000
26.000	26.0	.000
26.000	26.0	.000
26.000	26.0	.000
26.000	26.0	.000
26.000	26.0	.000
26.000	26.0	.000
26.000	26.0	.000
26.000	26.0	.000
26.000	26.0	.000
26.000	26.0	.000
26.000	26.0	.000
26.000	26.0	.000
26.000	26.0	.000
26.000	26.0	.000
26.000	26.0	.000
26.000	26.0	.000
26.000	26.0	.000
26.000	26.0	.000
26.000	26.0	.000
26.000	26.0	.000
26.000	26.0	.000
26.000	26.0	.000
26.000	26.0	.000
26.000	26.0	.000
26.000	26.0	.000
26.000	26.0	.000
26.000	26.0	.000
26.000	26.0	.000
26.000	26.0	.000
26.000	26.0	.000
26.000	26.0	.000
26.000	26.0	.000
26.000	26.0	.000
26.000	26.0	.000
26.000	26.0	.000
26.000	26.0	.000
26.000	26.0	.000
26.000	26.0	.000
26.000	26.0	.000
.000	10.0	2.500
2.500	10.0	1.875
4.375	10.0	1.406
5.781	10.0	1.055
6.836	10.0	.791
7.627	10.0	.593
8.220	10.0	.445
8.665	10.0	.334
8.999	10.0	.250
9.249	10.0	.188
9.437	10.0	.141
9.578	10.0	.106
9.683	10.0	.079
9.762	10.0	.059
9.822	10.0	.045
9.866	10.0	.033
9.900	10.0	.025
9.925	10.0	.019
9.944	10.0	.014
9.958	10.0	.011
9.968	10.0	.008
9.976	10.0	.006
9.982	10.0	.004
9.987	10.0	.003
9.990	10.0	.003
9.992	10.0	.002
9.994	10.0	.001
9.996	10.0	.001
9.997	10.0	.001
9.998	10.0	.001
9.998	10.0	.000
9.999	10.0	.000
9.999	10.0	.000
9.999	10.0	.000
9.999	10.0	.000
10.000	10.0	.000
10.000	10.0	.000
10.000	10.0	.000
10.000	10.0	.000
10.000	10.0	.000
10.000	10.0	.000
10.000	10.0	.000
10.000	10.0	.000
10.000	10.0	.000
10.000	10.0	.000
10.000	10.0	.000
10.000	10.0	.000
10.000	10.0	.000
10.000	10.0	.000
10.000	10.0	.000
10.000	10.0	.000
10.000	10.0	.000
10.000	10.0	.000
10.000	10.0	.000
10.000	10.0	.000
10.000	10.0	.000
10.000	10.0	.000
10.000	10.0	.000
10.000	10.0	.000
10.000	10.0	.000
10.000	10.0	.000
10.000	10.0	.000
10.000	10.0	.000
10.000	10.0	.000
10.000	10.0	.000
10.000	10.0	.000
10.000	10.0	.000
10.000	10.0	.000
10.000	10.0	.000
10.000	10.0	.000
10.000	10.0	.000
10.000	10.0	.000
10.000	10.0	.000
10.000	10.0	.000
10.000	10.0	.000
10.000	10.0	.000
10.000	10.0	.000
10.000	10.0	.000
10.000	10.0	.000
10.000	10.0	.000
10.000	10.0	.000
10.000	10.0	.000
10.000	10.0	.000
10.000	10.0	.000
10.000	10.0	.000
10.000	10.0	.000
10.000	10.0	.000
10.000	10.0	.000
10.000	10.0	.000
10.000	10.0	.000
10.000	10.0	.000
10.000	10.0	.000
10.000	10.0	.000
10.000	10.0	.000
10.000	10.0	.000
10.000	10.0	.000
10.000	10.0	.000
10.000	10.0	.000
10.000	10.0	.000
10.000	10.0	.000
10.000	10.0	.000
10.000	10.0	.000
10.000	10.0	.000
10.000	10.0	.000
10.000	10.0	.000
10.000	10.0	.000
10.000	10.0	.000
10.000	10.0	.000
10.000	10.0	.000
10.000	10.0	.000
10.000	10.0	.000
10.000	10.0	.000
10.000	10.0	.000
10.000	10.0	.000
10.000	10.0	.000
10.000	10.0	.000
10.000	10.0	.000
10.000	10.0	.000
10.000	10.0	.000
10.000	10.0	.000
10.000	10.0	.000
10.000	10.0	.000
10.000	10.0	.000
10.000	10.0	.000
10.000	10.0	.000
3.000	27.0	4.000
7.000	27.0	4.000
11.000	27.0	4.000
15.000	27.0	3.000
18.000	27.0	2.250
20.250	27.0	1.688
21.938	27.0	1.266
23.203	27.0	.949
24.152	27.0	.712
24.864	27.0	.534
25.398	27.0	.400
25.799	27.0	.300
26.099	27.0	.225
26.324	27.0	.169
26.493	27.0	.127
26.620	27.0	.095
26.715	27.0	.071
26.786	27.0	.053
26.840	27.0	.040
26.880	27.0	.030
26.910	27.0	.023
26.932	27.0	.017
26.949	27.0	.013
26.962	27.0	.010
26.971	27.0	.007
26.979	27.0	.005
26.984	27.0	.004
26.988	27.0	.003
26.991	27.0	.002
26.993	27.0	.002
26.995	27.0	.001
26.996	27.0	.001
26.997	27.0	.001
26.998	27.0	.001
26.998	27.0	.000
26.999	27.0	.000
26.999	27.0	.000
26.999	27.0	.000
26.999	27.0	.000
27.000	27.0	.000
27.000	27.0	.000
27.000	27.0	.000
27.000	27.0	.000
27.000	27.0	.000
27.000	27.0	.000
27.000	27.0	.000
27.000	27.0	.000
27.000	27.0	.000
27.000	27.0	.000
27.000	27.0	.000
27.000	27.0	.000
27.000	27.0	.000
27.000	27.0	.000
27.000	27.0	.000
27.000	27.0	.000
27.000	27.0	.000
27.000	27.0	.000
27.000	27.0	.000
27.000	27.0	.000
27.000	27.0	.000
27.000	27.0	.000
27.000	27.0	.000
27.000	27.0	.000
27.000	27.0	.000
27.000	27.0	.000
27.000	27.0	.000
27.000	27.0	.000
27.000	27.0	.000
27.000	27.0	.000
27.000	27.0	.000
27.000	27.0	.000
27.000	27.0	.000
27.000	27.0	.000
27.000	27.0	.000
27.000	27.0	.000
27.000	27.0	.000
27.000	27.0	.000
27.000	27.0	.000
27.000	27.0	.000
27.000	27.0	.000
27.000	27.0	.000
27.000	27.0	.000
27.000	27.0	.000
27.000	27.0	.000
27.000	27.0	.000
27.000	27.0	.000
27.000	27.0	.000
27.000	27.0	.000
27.000	27.0	.000
27.000	27.0	.000
27.000	27.0	.000
27.000	27.0	.000
27.000	27.0	.000
27.000	27.0	.000
27.000	27.0	.000
27.000	27.0	.000
27.000	27.0	.000
27.000	27.0	.000
27.000	27.0	.000
27.000	27.0	.000
27.000	27.0	.000
27.000	27.0	.000
27.000	27.0	.000
27.000	27.0	.000
27.000	27.0	.000
27.000	27.0	.000
27.000	27.0	.000
27.000	27.0	.000
27.000	27.0	.000
27.000	27.0	.000
27.000	27.0	.000
27.000	27.0	.000
27.000	27.0	.000
27.000	27.0	.000
27.000	27.0	.000
27.000	27.0	.000
27.000	27.0	.000
27.000	27.0	.000
27.000	27.0	.000
27.000	27.0	.000
27.000	27.0	.000
27.000	27.0	.000
27.000	27.0	.000
27.000	27.0	.000
27.000	27.0	.000
8.000	22.0	3.500
11.500	22.0	2.625
14.125	22.0	1.969
16.094	22.0	1.477
17.570	22.0	1.107
18.678	22.0	.831
19.508	22.0	.623
20.131	22.0	.467
20.598	22.0	.350
20.949	22.0	.263
21.212	22.0	.197
21.409	22.0	.148
21.557	22.0	.111
21.667	22.0	.083
21.751	22.0	.062
21.813	22.0	.047
21.860	22.0	.035
21.895	22.0	.026
21.921	22.0	.020
21.941	22.0	.015
21.956	22.0	.011
21.967	22.0	.008
21.975	22.0	.006
21.981	22.0	.005
21.986	22.0	.004
21.989	22.0	.003
21.992	22.0	.002
21.994	22.0	.001
21.996	22.0	.001
21.997	22.0	.001
21.997	22.0	.001
21.998	22.0	.000
21.999	22.0	.000
21.999	22.0	.000
21.999	22.0	.000
21.999	22.0	.000
22.000	22.0	.000
22.000	22.0	.000
22.000	22.0	.000
22.000	22.0	.000
22.000	22.0	.000
22.000	22.0	.000
22.000	22.0	.000
22.000	22.0	.000
22.000	22.0	.000
22.000	22.0	.000
22.000	22.0	.000
22.000	22.0	.000
22.000	22.0	.000
22.000	22.0	.000
22.000	22.0	.000
22.000	22.0	.000
22.000	22.0	.000
22.000	22.0	.000
22.000	22.0	.000
22.000	22.0	.000
22.000	22.0	.000
22.000	22.0	.000
22.000	22.0	.000
22.000	22.0	.000
22.000	22.0	.000
22.000	22.0	.000
22.000	22.0	.000
22.000	22.0	.000
22.000	22.0	.000
22.000	22.0	.000
22.000	22.0	.000
22.000	22.0	.000
22.000	22.0	.000
22.000	22.0	.000
22.000	22.0	.000
22.000	22.0	.000
22.000	22.0	.000
22.000	22.0	.000
22.000	22.0	.000
22.000	22.0	.000
22.000	22.0	.000
22.000	22.0	.000
22.000	22.0	.000
22.000	22.0	.000
22.000	22.0	.000
22.000	22.0	.000
22.000	22.0	.000
22.000	22.0	.000
22.000	22.0	.000
22.000	22.0	.000
22.000	22.0	.000
22.000	22.0	.000
22.000	22.0	.000
22.000	22.0	.000
22.000	22.0	.000
22.000	22.0	.000
22.000	22.0	.000
22.000	22.0	.000
22.000	22.0	.000
22.000	22.0	.000
22.000	22.0	.000
22.000	22.0	.000
22.000	22.0	.000
22.000	22.0	.000
22.000	22.0	.000
22.000	22.0	.000
22.000	22.0	.000
22.000	22.0	.000
22.000	22.0	.000
22.000	22.0	.000
22.000	22.0	.000
22.000	22.0	.000
22.000	22.0	.000
22.000	22.0	.000
22.000	22.0	.000
22.000	22.0	.000
22.000	22.0	.000
22.000	22.0	.000
22.000	22.0	.000
22.000	22.0	.000
22.000	22.0	.000
22.000	22.0	.000
22.000	22.0	.000
22.000	22.0	.000
22.000	22.0	.000
22.000	22.0	.000
22.000	22.0	.000
22.000	22.0	.000
22.000	22.0	.000
29.000	14.0	-3.750
25.250	14.0	-2.812
22.438	14.0	-2.109
20.328	14.0	-1.582
18.746	14.0	-1.187
17.560	14.0	-.890
16.670	14.0	-.667
16.002	14.0	-.501
15.502	14.0	-.375
15.126	14.0	-.282
14.845	14.0	-.211
14.634	14.0	-.158
14.475	14.0	-.119
14.356	14.0	-.089
14.267	14.0	-.067
14.200	14.0	-.050
14.150	14.0	-.038
14.113	14.0	-.028
14.085	14.0	-.021
14.063	14.0	-.016
14.048	14.0	-.012
14.036	14.0	-.009
14.027	14.0	-.007
14.020	14.0	-.005
14.015	14.0	-.004
14.011	14.0	-.003
14.008	14.0	-.002
14.006	14.0	-.002
14.005	14.0	-.001
14.004	14.0	-.001
14.003	14.0	-.001
14.002	14.0	-.001
14.002	14.0	-.000
14.001	14.0	-.000
14.001	14.0	-.000
14.001	14.0	-.000
14.000	14.0	-.000
14.000	14.0	-.000
14.000	14.0	-.000
14.000	14.0	-.000
14.000	14.0	-.000
14.000	14.0	-.000
14.000	14.0	-.000
14.000	14.0	-.000
14.000	14.0	-.000
14.000	14.0	-.000
14.000	14.0	-.000
14.000	14.0	-.000
14.000	14.0	-.000
14.000	14.0	-.000
14.000	14.0	-.000
14.000	14.0	-.000
14.000	14.0	-.000
14.000	14.0	-.000
14.000	14.0	-.000
14.000	14.0	-.000
14.000	14.0	-.000
14.000	14.0	-.000
14.000	14.0	-.000
14.000	14.0	-.000
14.000	14.0	-.000
14.000	14.0	-.000
14.000	14.0	-.000
14.000	14.0	-.000
14.000	14.0	-.000
14.000	14.0	-.000
14.000	14.0	-.000
14.000	14.0	-.000
14.000	14.0	-.000
14.000	14.0	-.000
14.000	14.0	-.000
14.000	14.0	-.000
14.000	14.0	-.000
14.000	14.0	-.000
14.000	14.0	-.000
14.000	14.0	-.000
14.000	14.0	-.000
14.000	14.0	-.000
14.000	14.0	-.000
14.000	14.0	-.000
14.000	14.0	-.000
14.000	14.0	-.000
14.000	14.0	-.000
14.000	14.0	-.000
14.000	14.0	-.000
14.000	14.0	-.000
14.000	14.0	-.000
14.000	14.0	-.000
14.000	14.0	-.000
14.000	14.0	-.000
14.000	14.0	-.000
14.000	14.0	-.000
14.000	14.0	-.000
14.000	14.0	-.000
14.000	14.0	-.000
14.000	14.0	-.000
14.000	14.0	-.000
14.000	14.0	-.000
14.000	14.0	-.000
14.000	14.0	-.000
14.000	14.0	-.000
14.000	14.0	-.000
14.000	14.0	-.000
14.000	14.0	-.000
14.000	14.0	-.000
14.000	14.0	-.000
14.000	14.0	-.000
14.000	14.0	-.000
14.000	14.0	-.000
14.000	14.0	-.000
14.000	14.0	-.000
14.000	14.0	-.000
14.000	14.0	-.000
14.000	14.0	-.000
14.000	14.0	-.000
14.000	14.0	-.000
14.000	14.0	-.000
14.000	14.0	-.000
14.000	14.0	-.000
14.000	14.0	-.000
14.000	14.0	-.000
14.000	14.0	-.000
14.000	14.0	-.000
14.000	14.0	-.000
14.000	14.0	-.000
6.000	12.0	1.500
7.500	12.0	1.125
8.625	12.0	.844
9.469	12.0	.633
10.102	12.0	.475
10.576	12.0	.356
10.932	12.0	.267
11.199	12.0	.200
11.399	12.0	.150
11.549	12.0	.113
11.662	12.0	.084
11.747	12.0	.063
11.810	12.0	.048
11.857	12.0	.036
11.893	12.0	.027
11.920	12.0	.020
11.940	12.0	.015
11.955	12.0	.011
11.966	12.0	.008
11.975	12.0	.006
11.981	12.0	.005
11.986	12.0	.004
11.989	12.0	.003
11.992	12.0	.002
11.994	12.0	.002
11.995	12.0	.001
11.997	12.0	.001
11.997	12.0	.001
11.998	12.0	.000
11.999	12.0	.000
11.999	12.0	.000
11.999	12.0	.000
11.999	12.0	.000
12.000	12.0	.000
12.000	12.0	.000
12.000	12.0	.000
12.000	12.0	.000
12.000	12.0	.000
12.000	12.0	.000
12.000	12.0	.000
12.000	12.0	.000
12.000	12.0	.000
12.000	12.0	.000
12.000	12.0	.000
12.000	12.0	.000
12.000	12.0	.000
12.000	12.0	.000
12.000	12.0	.000
12.000	12.0	.000
12.000	12.0	.000
12.000	12.0	.000
12.000	12.0	.000
12.000	12.0	.000
12.000	12.0	.000
12.000	12.0	.000
12.000	12.0	.000
12.000	12.0	.000
12.000	12.0	.000
12.000	12.0	.000
12.000	12.0	.000
12.000	12.0	.000
12.000	12.0	.000
12.000	12.0	.000
12.000	12.0	.000
12.000	12.0	.000
12.000	12.0	.000
12.000	12.0	.000
12.000	12.0	.000
12.000	12.0	.000
12.000	12.0	.000
12.000	12.0	.000
12.000	12.0	.000
12.000	12.0	.000
12.000	12.0	.000
12.000	12.0	.000
12.000	12.0	.000
12.000	12.0	.000
12.000	12.0	.000
12.000	12.0	.000
12.000	12.0	.000
12.000	12.0	.000
12.000	12.0	.000
12.000	12.0	.000
12.000	12.0	.000
12.000	12.0	.000
12.000	12.0	.000
12.000	12.0	.000
12.000	12.0	.000
12.000	12.0	.000
12.000	12.0	.000
12.000	12.0	.000
12.000	12.0	.000
12.000	12.0	.000
12.000	12.0	.000
12.000	12.0	.000
12.000	12.0	.000
12.000	12.0	.000
12.000	12.0	.000
12.000	12.0	.000
12.000	12.0	.000
12.000	12.0	.000
12.000	12.0	.000
12.000	12.0	.000
12.000	12.0	.000
12.000	12.0	.000
12.000	12.0	.000
12.000	12.0	.000
12.000	12.0	.000
12.000	12.0	.000
12.000	12.0	.000
12.000	12.0	.000
12.000	12.0	.000
12.000	12.0	.000
12.000	12.0	.000
12.000	12.0	.000
12.000	12.0	.000
12.000	12.0	.000
12.000	12.0	.000
12.000	12.0	.000
12.000	12.0	.000
12.000	12.0	.000
12.000	12.0	.000
12.000	12.0	.000
12.000	12.0	.000
12.000	12.0	.000
4.000	26.0	4.000
8.000	26.0	4.000
12.000	26.0	3.500
15.500	26.0	2.625
18.125	26.0	1.969
20.094	26.0	1.477
21.570	26.0	1.107
22.678	26.0	.831
23.508	26.0	.623
24.131	26.0	.467
24.598	26.0	.350
24.949	26.0	.263
25.212	26.0	.197
25.409	26.0	.148
25.557	26.0	.111
25.667	26.0	.083
25.751	26.0	.062
25.813	26.0	.047
25.860	26.0	.035
25.895	26.0	.026
25.921	26.0	.020
25.941	26.0	.015
25.956	26.0	.011
25.967	26.0	.008
25.975	26.0	.006
25.981	26.0	.005
25.986	26.0	.004
25.989	26.0	.003
25.992	26.0	.002
25.994	26.0	.001
25.996	26.0	.001
25.997	26.0	.001
25.997	26.0	.001
25.998	26.0	.000
25.999	26.0	.000
25.999	26.0	.000
25.999	26.0	.000
25.999	26.0	.000
26.000	26.0	.000
26.000	26.0	.000
26.000	26.0	.000
26.000	26.0	.000
26.000	26.0	.000
26.000	26.0	.000
26.000	26.0	.000
26.000	26.0	.000
26.000	26.0	.000
26.000	26.0	.000
26.000	26.0	.000
26.000	26.0	.000
26.000	26.0	.000
26.000	26.0	.000
26.000	26.0	.000
26.000	26.0	.000
26.000	26.0	.000
26.000	26.0	.000
26.000	26.0	.000
26.000	26.0	.000
26.000	26.0	.000
26.000	26.0	.000
26.000	26.0	.000
26.000	26.0	.000
26.000	26.0	.000
26.000	26.0	.000
26.000	26.0	.000
26.000	26.0	.000
26.000	26.0	.000
26.000	26.0	.000
26.000	26.0	.000
26.000	26.0	.000
26.000	26.0	.000
26.000	26.0	.000
26.000	26.0	.000
26.000	26.0	.000
26.000	26.0	.000
26.000	26.0	.000
26.000	26.0	.000
26.000	26.0	.000
26.000	26.0	.000
26.000	26.0	.000
26.000	26.0	.000
26.000	26.0	.000
26.000	26.0	.000
26.000	26.0	.000
26.000	26.0	.000
26.000	26.0	.000
26.000	26.0	.000
26.000	26.0	.000
26.000	26.0	.000
26.000	26.0	.000
26.000	26.0	.000
26.000	26.0	.000
26.000	26.0	.000
26.000	26.0	.000
26.000	26.0	.000
26.000	26.0	.000
26.000	26.0	.000
26.000	26.0	.000
26.000	26.0	.000
26.000	26.0	.000
26.000	26.0	.000
26.000	26.0	.000
26.000	26.0	.000
26.000	26.0	.000
26.000	26.0	.000
26.000	26.0	.000
26.000	26.0	.000
26.000	26.0	.000
26.000	26.0	.000
26.000	26.0	.000
26.000	26.0	.000
26.000	26.0	.000
26.000	26.0	.000
26.000	26.0	.000
26.000	26.0	.000
26.000	26.0	.000
26.000	26.0	.000
26.000	26.0	.000
26.000	26.0	.000
26.000	26.0	.000
26.000	26.0	.000
26.000	26.0	.000
26.000	26.0	.000
26.000	26.0	.000
26.000	26.0	.000
25.000	22.0	-.750
24.250	22.0	-.562
23.688	22.0	-.422
23.266	22.0	-.316
22.949	22.0	-.237
22.712	22.0	-.178
22.534	22.0	-.133
22.400	22.0	-.100
22.300	22.0	-.075
22.225	22.0	-.056
22.169	22.0	-.042
22.127	22.0	-.032
22.095	22.0	-.024
22.071	22.0	-.018
22.053	22.0	-.013
22.040	22.0	-.010
22.030	22.0	-.008
22.023	22.0	-.006
22.017	22.0	-.004
22.013	22.0	-.003
22.010	22.0	-.002
22.007	22.0	-.002
22.005	22.0	-.001
22.004	22.0	-.001
22.003	22.0	-.001
22.002	22.0	-.001
22.002	22.0	-.000
22.001	22.0	-.000
22.001	22.0	-.000
22.001	22.0	-.000
22.001	22.0	-.000
22.000	22.0	-.000
22.000	22.0	-.000
22.000	22.0	-.000
22.000	22.0	-.000
22.000	22.0	-.000
22.000	22.0	-.000
22.000	22.0	-.000
22.000	22.0	-.000
22.000	22.0	-.000
22.000	22.0	-.000
22.000	22.0	-.000
22.000	22.0	-.000
22.000	22.0	-.000
22.000	22.0	-.000
22.000	22.0	-.000
22.000	22.0	-.000
22.000	22.0	-.000
22.000	22.0	-.000
22.000	22.0	-.000
22.000	22.0	-.000
22.000	22.0	-.000
22.000	22.0	-.000
22.000	22.0	-.000
22.000	22.0	-.000
22.000	22.0	-.000
22.000	22.0	-.000
22.000	22.0	-.000
22.000	22.0	-.000
22.000	22.0	-.000
22.000	22.0	-.000
22.000	22.0	-.000
22.000	22.0	-.000
22.000	22.0	-.000
22.000	22.0	-.000
22.000	22.0	-.000
22.000	22.0	-.000
22.000	22.0	-.000
22.000	22.0	-.000
22.000	22.0	-.000
22.000	22.0	-.000
22.000	22.0	-.000
22.000	22.0	-.000
22.000	22.0	-.000
22.000	22.0	-.000
22.000	22.0	-.000
22.000	22.0	-.000
22.000	22.0	-.000
22.000	22.0	-.000
22.000	22.0	-.000
22.000	22.0	-.000
22.000	22.0	-.000
22.000	22.0	-.000
22.000	22.0	-.000
22.000	22.0	-.000
22.000	22.0	-.000
22.000	22.0	-.000
22.000	22.0	-.000
22.000	22.0	-.000
22.000	22.0	-.000
22.000	22.0	-.000
22.000	22.0	-.000
22.000	22.0	-.000
22.000	22.0	-.000
22.000	22.0	-.000
22.000	22.0	-.000
22.000	22.0	-.000
22.000	22.0	-.000
22.000	22.0	-.000
22.000	22.0	-.000
22.000	22.0	-.000
22.000	22.0	-.000
22.000	22.0	-.000
22.000	22.0	-.000
22.000	22.0	-.000
22.000	22.0	-.000
22.000	22.0	-.000
22.000	22.0	-.000
22.000	22.0	-.000
22.000	22.0	-.000
22.000	22.0	-.000
22.000	22.0	-.000
22.000	22.0	-.000
22.000	22.0	-.000
22.000	22.0	-.000
22.000	22.0	-.000
22.000	22.0	-.000
22.000	22.0	-.000
22.000	22.0	-.000
22.000	22.0	-.000
22.000	22.0	-.000
22.000	22.0	-.000
22.000	22.0	-.000
22.000	22.0	-.000
22.000	22.0	-.000
.000	25.0	4.000
4.000	25.0	4.000
8.000	25.0	4.000
12.000	25.0	3.250
15.250	25.0	2.438
17.688	25.0	1.828
19.516	25.0	1.371
20.887	25.0	1.028
21.915	25.0	.771
22.686	25.0	.578
23.265	25.0	.434
23.699	25.0	.325
24.024	25.0	.244
24.268	25.0	.183
24.451	25.0	.137
24.588	25.0	.103
24.691	25.0	.077
24.768	25.0	.058
24.826	25.0	.043
24.870	25.0	.033
24.902	25.0	.024
24.927	25.0	.018
24.945	25.0	.014
24.959	25.0	.010
24.969	25.0	.008
24.977	25.0	.006
24.983	25.0	.004
24.987	25.0	.003
24.990	25.0	.002
24.993	25.0	.002
24.994	25.0	.001
24.996	25.0	.001
24.997	25.0	.001
24.998	25.0	.001
24.998	25.0	.000
24.999	25.0	.000
24.999	25.0	.000
24.999	25.0	.000
24.999	25.0	.000
25.000	25.0	.000
25.000	25.0	.000
25.000	25.0	.000
25.000	25.0	.000
25.000	25.0	.000
25.000	25.0	.000
25.000	25.0	.000
25.000	25.0	.000
25.000	25.0	.000
25.000	25.0	.000
25.000	25.0	.000
25.000	25.0	.000
25.000	25.0	.000
25.000	25.0	.000
25.000	25.0	.000
25.000	25.0	.000
25.000	25.0	.000
25.000	25.0	.000
25.000	25.0	.000
25.000	25.0	.000
25.000	25.0	.000
25.000	25.0	.000
25.000	25.0	.000
25.000	25.0	.000
25.000	25.0	.000
25.000	25.0	.000
25.000	25.0	.000
25.000	25.0	.000
25.000	25.0	.000
25.000	25.0	.000
25.000	25.0	.000
25.000	25.0	.000
25.000	25.0	.000
25.000	25.0	.000
25.000	25.0	.000
25.000	25.0	.000
25.000	25.0	.000
25.000	25.0	.000
25.000	25.0	.000
25.000	25.0	.000
25.000	25.0	.000
25.000	25.0	.000
25.000	25.0	.000
25.000	25.0	.000
25.000	25.0	.000
25.000	25.0	.000
25.000	25.0	.000
25.000	25.0	.000
25.000	25.0	.000
25.000	25.0	.000
25.000	25.0	.000
25.000	25.0	.000
25.000	25.0	.000
25.000	25.0	.000
25.000	25.0	.000
25.000	25.0	.000
25.000	25.0	.000
25.000	25.0	.000
25.000	25.0	.000
25.000	25.0	.000
25.000	25.0	.000
25.000	25.0	.000
25.000	25.0	.000
25.000	25.0	.000
25.000	25.0	.000
25.000	25.0	.000
25.000	25.0	.000
25.000	25.0	.000
25.000	25.0	.000
25.000	25.0	.000
25.000	25.0	.000
25.000	25.0	.000
25.000	25.0	.000
25.000	25.0	.000
25.000	25.0	.000
25.000	25.0	.000
25.000	25.0	.000
25.000	25.0	.000
25.000	25.0	.000
25.000	25.0	.000
25.000	25.0	.000
25.000	25.0	.000
25.000	25.0	.000
25.000	25.0	.000
25.000	25.0	.000
25.000	25.0	.000
2.000	11.0	2.250
4.250	11.0	1.688
5.938	11.0	1.266
7.203	11.0	.949
8.152	11.0	.712
8.864	11.0	.534
9.398	11.0	.400
9.799	11.0	.300
10.099	11.0	.225
10.324	11.0	.169
10.493	11.0	.127
10.620	11.0	.095
10.715	11.0	.071
10.786	11.0	.053
10.840	11.0	.040
10.880	11.0	.030
10.910	11.0	.023
10.932	11.0	.017
10.949	11.0	.013
10.962	11.0	.010
10.971	11.0	.007
10.979	11.0	.005
10.984	11.0	.004
10.988	11.0	.003
10.991	11.0	.002
10.993	11.0	.002
10.995	11.0	.001
10.996	11.0	.001
10.997	11.0	.001
10.998	11.0	.001
10.998	11.0	.000
10.999	11.0	.000
10.999	11.0	.000
10.999	11.0	.000
10.999	11.0	.000
11.000	11.0	.000
11.000	11.0	.000
11.000	11.0	.000
11.000	11.0	.000
11.000	11.0	.000
11.000	11.0	.000
11.000	11.0	.000
11.000	11.0	.000
11.000	11.0	.000
11.000	11.0	.000
11.000	11.0	.000
11.000	11.0	.000
11.000	11.0	.000
11.000	11.0	.000
11.000	11.0	.000
11.000	11.0	.000
11.000	11.0	.000
11.000	11.0	.000
11.000	11.0	.000
11.000	11.0	.000
11.000	11.0	.000
11.000	11.0	.000
11.000	11.0	.000
11.000	11.0	.000
11.000	11.0	.000
11.000	11.0	.000
11.000	11.0	.000
11.000	11.0	.000
11.000	11.0	.000
11.000	11.0	.000
11.000	11.0	.000
11.000	11.0	.000
11.000	11.0	.000
11.000	11.0	.000
11.000	11.0	.000
11.000	11.0	.000
11.000	11.0	.000
11.000	11.0	.000
11.000	11.0	.000
11.000	11.0	.000
11.000	11.0	.000
11.000	11.0	.000
11.000	11.0	.000
11.000	11.0	.000
11.000	11.0	.000
11.000	11.0	.000
11.000	11.0	.000
11.000	11.0	.000
11.000	11.0	.000
11.000	11.0	.000
11.000	11.0	.000
11.000	11.0	.000
11.000	11.0	.000
11.000	11.0	.000
11.000	11.0	.000
11.000	11.0	.000
11.000	11.0	.000
11.000	11.0	.000
11.000	11.0	.000
11.000	11.0	.000
11.000	11.0	.000
11.000	11.0	.000
11.000	11.0	.000
11.000	11.0	.000
11.000	11.0	.000
11.000	11.0	.000
11.000	11.0	.000
11.000	11.0	.000
11.000	11.0	.000
11.000	11.0	.000
11.000	11.0	.000
11.000	11.0	.000
11.000	11.0	.000
11.000	11.0	.000
11.000	11.0	.000
11.000	11.0	.000
11.000	11.0	.000
11.000	11.0	.000
11.000	11.0	.000
11.000	11.0	.000
11.000	11.0	.000
11.000	11.0	.000
11.000	11.0	.000
11.000	11.0	.000
11.000	11.0	.000
11.000	11.0	.000
11.000	11.0	.000
11.000	11.0	.000
11.000	11.0	.000
11.000	11.0	.000
5.000	15.0	2.500
7.500	15.0	1.875
9.375	15.0	1.406
10.781	15.0	1.055
11.836	15.0	.791
12.627	15.0	.593
13.220	15.0	.445
13.665	15.0	.334
13.999	15.0	.250
14.249	15.0	.188
14.437	15.0	.141
14.578	15.0	.106
14.683	15.0	.079
14.762	15.0	.059
14.822	15.0	.045
14.866	15.0	.033
14.900	15.0	.025
14.925	15.0	.019
14.944	15.0	.014
14.958	15.0	.011
14.968	15.0	.008
14.976	15.0	.006
14.982	15.0	.004
14.987	15.0	.003
14.990	15.0	.003
14.992	15.0	.002
14.994	15.0	.001
14.996	15.0	.001
14.997	15.0	.001
14.998	15.0	.001
14.998	15.0	.000
14.999	15.0	.000
14.999	15.0	.000
14.999	15.0	.000
14.999	15.0	.000
15.000	15.0	.000
15.000	15.0	.000
15.000	15.0	.000
15.000	15.0	.000
15.000	15.0	.000
15.000	15.0	.000
15.000	15.0	.000
15.000	15.0	.000
15.000	15.0	.000
15.000	15.0	.000
15.000	15.0	.000
15.000	15.0	.000
15.000	15.0	.000
15.000	15.0	.000
15.000	15.0	.000
15.000	15.0	.000
15.000	15.0	.000
15.000	15.0	.000
15.000	15.0	.000
15.000	15.0	.000
15.000	15.0	.000
15.000	15.0	.000
15.000	15.0	.000
15.000	15.0	.000
15.000	15.0	.000
15.000	15.0	.000
15.000	15.0	.000
15.000	15.0	.000
15.000	15.0	.000
15.000	15.0	.000
15.000	15.0	.000
15.000	15.0	.000
15.000	15.0	.000
15.000	15.0	.000
15.000	15.0	.000
15.000	15.0	.000
15.000	15.0	.000
15.000	15.0	.000
15.000	15.0	.000
15.000	15.0	.000
15.000	15.0	.000
15.000	15.0	.000
15.000	15.0	.000
15.000	15.0	.000
15.000	15.0	.000
15.000	15.0	.000
15.000	15.0	.000
15.000	15.0	.000
15.000	15.0	.000
15.000	15.0	.000
15.000	15.0	.000
15.000	15.0	.000
15.000	15.0	.000
15.000	15.0	.000
15.000	15.0	.000
15.000	15.0	.000
15.000	15.0	.000
15.000	15.0	.000
15.000	15.0	.000
15.000	15.0	.000
15.000	15.0	.000
15.000	15.0	.000
15.000	15.0	.000
15.000	15.0	.000
15.000	15.0	.000
15.000	15.0	.000
15.000	15.0	.000
15.000	15.0	.000
15.000	15.0	.000
15.000	15.0	.000
15.000	15.0	.000
15.000	15.0	.000
15.000	15.0	.000
15.000	15.0	.000
15.000	15.0	.000
15.000	15.0	.000
15.000	15.0	.000
15.000	15.0	.000
15.000	15.0	.000
15.000	15.0	.000
15.000	15.0	.000
15.000	15.0	.000
15.000	15.0	.000
15.000	15.0	.000
15.000	15.0	.000
15.000	15.0	.000
15.000	15.0	.000
15.000	15.0	.000
15.000	15.0	.000
15.000	15.0	.000
1.000	7.0	1.500
2.500	7.0	1.125
3.625	7.0	.844
4.469	7.0	.633
5.102	7.0	.475
5.576	7.0	.356
5.932	7.0	.267
6.199	7.0	.200
6.399	7.0	.150
6.549	7.0	.113
6.662	7.0	.084
6.747	7.0	.063
6.810	7.0	.048
6.857	7.0	.036
6.893	7.0	.027
6.920	7.0	.020
6.940	7.0	.015
6.955	7.0	.011
6.966	7.0	.008
6.975	7.0	.006
6.981	7.0	.005
6.986	7.0	.004
6.989	7.0	.003
6.992	7.0	.002
6.994	7.0	.002
6.995	7.0	.001
6.997	7.0	.001
6.997	7.0	.001
6.998	7.0	.000
6.999	7.0	.000
6.999	7.0	.000
6.999	7.0	.000
6.999	7.0	.000
7.000	7.0	.000
7.000	7.0	.000
7.000	7.0	.000
7.000	7.0	.000
7.000	7.0	.000
7.000	7.0	.000
7.000	7.0	.000
7.000	7.0	.000
7.000	7.0	.000
7.000	7.0	.000
7.000	7.0	.000
7.000	7.0	.000
7.000	7.0	.000
7.000	7.0	.000
7.000	7.0	.000
7.000	7.0	.000
7.000	7.0	.000
7.000	7.0	.000
7.000	7.0	.000
7.000	7.0	.000
7.000	7.0	.000
7.000	7.0	.000
7.000	7.0	.000
7.000	7.0	.000
7.000	7.0	.000
7.000	7.0	.000
7.000	7.0	.000
7.000	7.0	.000
7.000	7.0	.000
7.000	7.0	.000
7.000	7.0	.000
7.000	7.0	.000
7.000	7.0	.000
7.000	7.0	.000
7.000	7.0	.000
7.000	7.0	.000
7.000	7.0	.000
7.000	7.0	.000
7.000	7.0	.000
7.000	7.0	.000
7.000	7.0	.000
7.000	7.0	.000
7.000	7.0	.000
7.000	7.0	.000
7.000	7.0	.000
7.000	7.0	.000
7.000	7.0	.000
7.000	7.0	.000
7.000	7.0	.000
7.000	7.0	.000
7.000	7.0	.000
7.000	7.0	.000
7.000	7.0	.000
7.000	7.0	.000
7.000	7.0	.000
7.000	7.0	.000
7.000	7.0	.000
7.000	7.0	.000
7.000	7.0	.000
7.000	7.0	.000
7.000	7.0	.000
7.000	7.0	.000
7.000	7.0	.000
7.000	7.0	.000
7.000	7.0	.000
7.000	7.0	.000
7.000	7.0	.000
7.000	7.0	.000
7.000	7.0	.000
7.000	7.0	.000
7.000	7.0	.000
7.000	7.0	.000
7.000	7.0	.000
7.000	7.0	.000
7.000	7.0	.000
7.000	7.0	.000
7.000	7.0	.000
7.000	7.0	.000
7.000	7.0	.000
7.000	7.0	.000
7.000	7.0	.000
7.000	7.0	.000
7.000	7.0	.000
7.000	7.0	.000
7.000	7.0	.000
7.000	7.0	.000
7.000	7.0	.000
7.000	7.0	.000
7.000	7.0	.000
7.000	7.0	.000
7.000	7.0	.000
7.000	7.0	.000
16.000	16.0	-.000
16.000	16.0	-.000
16.000	16.0	-.000
16.000	16.0	-.000
16.000	16.0	-.000
16.000	16.0	-.000
16.000	16.0	-.000
16.000	16.0	-.000
16.000	16.0	-.000
16.000	16.0	-.000
16.000	16.0	-.000
16.000	16.0	-.000
16.000	16.0	-.000
16.000	16.0	-.000
16.000	16.0	-.000
16.000	16.0	-.000
16.000	16.0	-.000
16.000	16.0	-.000
16.000	16.0	-.000
16.000	16.0	-.000
16.000	16.0	-.000
16.000	16.0	-.000
16.000	16.0	-.000
16.000	16.0	-.000
16.000	16.0	-.000
16.000	16.0	-.000
16.000	16.0	-.000
16.000	16.0	-.000
16.000	16.0	-.000
16.000	16.0	-.000
16.000	16.0	-.000
16.000	16.0	-.000
16.000	16.0	-.000
16.000	16.0	-.000
16.000	16.0	-.000
16.000	16.0	-.000
16.000	16.0	-.000
16.000	16.0	-.000
16.000	16.0	-.000
16.000	16.0	-.000
16.000	16.0	-.000
16.000	16.0	-.000
16.000	16.0	-.000
16.000	16.0	-.000
16.000	16.0	-.000
16.000	16.0	-.000
16.000	16.0	-.000
16.000	16.0	-.000
16.000	16.0	-.000
16.000	16.0	-.000
16.000	16.0	-.000
16.000	16.0	-.000
16.000	16.0	-.000
16.000	16.0	-.000
16.000	16.0	-.000
16.000	16.0	-.000
16.000	16.0	-.000
16.000	16.0	-.000
16.000	16.0	-.000
16.000	16.0	-.000
16.000	16.0	-.000
16.000	16.0	-.000
16.000	16.0	-.000
16.000	16.0	-.000
16.000	16.0	-.000
16.000	16.0	-.000
16.000	16.0	-.000
16.000	16.0	-.000
16.000	16.0	-.000
16.000	16.0	-.000
16.000	16.0	-.000
16.000	16.0	-.000
16.000	16.0	-.000
16.000	16.0	-.000
16.000	16.0	-.000
16.000	16.0	-.000
16.000	16.0	-.000
16.000	16.0	-.000
16.000	16.0	-.000
16.000	16.0	-.000
16.000	16.0	-.000
16.000	16.0	-.000
16.000	16.0	-.000
16.000	16.0	-.000
16.000	16.0	-.000
16.000	16.0	-.000
16.000	16.0	-.000
16.000	16.0	-.000
16.000	16.0	-.000
16.000	16.0	-.000
16.000	16.0	-.000
16.000	16.0	-.000
16.000	16.0	-.000
16.000	16.0	-.000
16.000	16.0	-.000
16.000	16.0	-.000
16.000	16.0	-.000
16.000	16.0	-.000
16.000	16.0	-.000
16.000	16.0	-.000
16.000	16.0	-.000
16.000	16.0	-.000
16.000	16.0	-.000
16.000	16.0	-.000
16.000	16.0	-.000
16.000	16.0	-.000
16.000	16.0	-.000
16.000	16.0	-.000
16.000	16.0	-.000
16.000	16.0	-.000
16.000	16.0	-.000
16.000	16.0	-.000
16.000	16.0	-.000
16.000	16.0	-.000
16.000	16.0	-.000
16.000	16.0	-.000
16.000	16.0	-.000
16.000	16.0	-.000
16.000	16.0	-.000
16.000	16.0	-.000
16.000	16.0	-.000
16.000	16.0	-.000
16.000	16.0	-.000
16.000	16.0	-.000
16.000	16.0	-.000
5.000	9.0	1.000
6.000	9.0	.750
6.750	9.0	.562
7.312	9.0	.422
7.734	9.0	.316
8.051	9.0	.237
8.288	9.0	.178
8.466	9.0	.133
8.600	9.0	.100
8.700	9.0	.075
8.775	9.0	.056
8.831	9.0	.042
8.873	9.0	.032
8.905	9.0	.024
8.929	9.0	.018
8.947	9.0	.013
8.960	9.0	.010
8.970	9.0	.008
8.977	9.0	.006
8.983	9.0	.004
8.987	9.0	.003
8.990	9.0	.002
8.993	9.0	.002
8.995	9.0	.001
8.996	9.0	.001
8.997	9.0	.001
8.998	9.0	.001
8.998	9.0	.000
8.999	9.0	.000
8.999	9.0	.000
8.999	9.0	.000
8.999	9.0	.000
9.000	9.0	.000
9.000	9.0	.000
9.000	9.0	.000
9.000	9.0	.000
9.000	9.0	.000
9.000	9.0	.000
9.000	9.0	.000
9.000	9.0	.000
9.000	9.0	.000
9.000	9.0	.000
9.000	9.0	.000
9.000	9.0	.000
9.000	9.0	.000
9.000	9.0	.000
9.000	9.0	.000
9.000	9.0	.000
9.000	9.0	.000
9.000	9.0	.000
9.000	9.0	.000
9.000	9.0	.000
9.000	9.0	.000
9.000	9.0	.000
9.000	9.0	.000
9.000	9.0	.000
9.000	9.0	.000
9.000	9.0	.000
9.000	9.0	.000
9.000	9.0	.000
9.000	9.0	.000
9.000	9.0	.000
9.000	9.0	.000
9.000	9.0	.000
9.000	9.0	.000
9.000	9.0	.000
9.000	9.0	.000
9.000	9.0	.000
9.000	9.0	.000
9.000	9.0	.000
9.000	9.0	.000
9.000	9.0	.000
9.000	9.0	.000
9.000	9.0	.000
9.000	9.0	.000
9.000	9.0	.000
9.000	9.0	.000
9.000	9.0	.000
9.000	9.0	.000
9.000	9.0	.000
9.000	9.0	.000
9.000	9.0	.000
9.000	9.0	.000
9.000	9.0	.000
9.000	9.0	.000
9.000	9.0	.000
9.000	9.0	.000
9.000	9.0	.000
9.000	9.0	.000
9.000	9.0	.000
9.000	9.0	.000
9.000	9.0	.000
9.000	9.0	.000
9.000	9.0	.000
9.000	9.0	.000
9.000	9.0	.000
9.000	9.0	.000
9.000	9.0	.000
9.000	9.0	.000
9.000	9.0	.000
9.000	9.0	.000
9.000	9.0	.000
9.000	9.0	.000
9.000	9.0	.000
9.000	9.0	.000
9.000	9.0	.000
9.000	9.0	.000
9.000	9.0	.000
9.000	9.0	.000
9.000	9.0	.000
9.000	9.0	.000
9.000	9.0	.000
9.000	9.0	.000
9.000	9.0	.000
9.000	9.0	.000
9.000	9.0	.000
9.000	9.0	.000
9.000	9.0	.000
9.000	9.0	.000
9.000	9.0	.000
9.000	9.0	.000
9.000	9.0	.000
9.000	9.0	.000
9.000	9.0	.000
9.000	9.0	.000
3.000	14.0	2.750
5.750	14.0	2.062
7.812	14.0	1.547
9.359	14.0	1.160
10.520	14.0	.870
11.390	14.0	.653
12.042	14.0	.489
12.532	14.0	.367
12.899	14.0	.275
13.174	14.0	.206
13.381	14.0	.155
13.535	14.0	.116
13.652	14.0	.087
13.739	14.0	.065
13.804	14.0	.049
13.853	14.0	.037
13.890	14.0	.028
13.917	14.0	.021
13.938	14.0	.016
13.953	14.0	.012
13.965	14.0	.009
13.974	14.0	.007
13.980	14.0	.005
13.985	14.0	.004
13.989	14.0	.003
13.992	14.0	.002
13.994	14.0	.002
13.995	14.0	.001
13.997	14.0	.001
13.997	14.0	.001
13.998	14.0	.000
13.999	14.0	.000
13.999	14.0	.000
13.999	14.0	.000
13.999	14.0	.000
14.000	14.0	.000
14.000	14.0	.000
14.000	14.0	.000
14.000	14.0	.000
14.000	14.0	.000
14.000	14.0	.000
14.000	14.0	.000
14.000	14.0	.000
14.000	14.0	.000
14.000	14.0	.000
14.000	14.0	.000
14.000	14.0	.000
14.000	14.0	.000
14.000	14.0	.000
14.000	14.0	.000
14.000	14.0	.000
14.000	14.0	.000
14.000	14.0	.000
14.000	14.0	.000
14.000	14.0	.000
14.000	14.0	.000
14.000	14.0	.000
14.000	14.0	.000
14.000	14.0	.000
14.000	14.0	.000
14.000	14.0	.000
14.000	14.0	.000
14.000	14.0	.000
14.000	14.0	.000
14.000	14.0	.000
14.000	14.0	.000
14.000	14.0	.000
14.000	14.0	.000
14.000	14.0	.000
14.000	14.0	.000
14.000	14.0	.000
14.000	14.0	.000
14.000	14.0	.000
14.000	14.0	.000
14.000	14.0	.000
14.000	14.0	.000
14.000	14.0	.000
14.000	14.0	.000
14.000	14.0	.000
14.000	14.0	.000
14.000	14.0	.000
14.000	14.0	.000
14.000	14.0	.000
14.000	14.0	.000
14.000	14.0	.000
14.000	14.0	.000
14.000	14.0	.000
14.000	14.0	.000
14.000	14.0	.000
14.000	14.0	.000
14.000	14.0	.000
14.000	14.0	.000
14.000	14.0	.000
14.000	14.0	.000
14.000	14.0	.000
14.000	14.0	.000
14.000	14.0	.000
14.000	14.0	.000
14.000	14.0	.000
14.000	14.0	.000
14.000	14.0	.000
14.000	14.0	.000
14.000	14.0	.000
14.000	14.0	.000
14.000	14.0	.000
14.000	14.0	.000
14.000	14.0	.000
14.000	14.0	.000
14.000	14.0	.000
14.000	14.0	.000
14.000	14.0	.000
14.000	14.0	.000
14.000	14.0	.000
14.000	14.0	.000
14.000	14.0	.000
14.000	14.0	.000
14.000	14.0	.000
14.000	14.0	.000
14.000	14.0	.000
14.000	14.0	.000
14.000	14.0	.000
14.000	14.0	.000
14.000	14.0	.000
14.000	14.0	.000
14.000	14.0	.000
7.000	5.0	-.500
6.500	5.0	-.375
6.125	5.0	-.281
5.844	5.0	-.211
5.633	5.0	-.158
5.475	5.0	-.119
5.356	5.0	-.089
5.267	5.0	-.067
5.200	5.0	-.050
5.150	5.0	-.038
5.113	5.0	-.028
5.084	5.0	-.021
5.063	5.0	-.016
5.048	5.0	-.012
5.036	5.0	-.009
5.027	5.0	-.007
5.020	5.0	-.005
5.015	5.0	-.004
5.011	5.0	-.003
5.008	5.0	-.002
5.006	5.0	-.002
5.005	5.0	-.001
5.004	5.0	-.001
5.003	5.0	-.001
5.002	5.0	-.001
5.002	5.0	-.000
5.001	5.0	-.000
5.001	5.0	-.000
5.001	5.0	-.000
5.000	5.0	-.000
5.000	5.0	-.000
5.000	5.0	-.000
5.000	5.0	-.000
5.000	5.0	-.000
5.000	5.0	-.000
5.000	5.0	-.000
5.000	5.0	-.000
5.000	5.0	-.000
5.000	5.0	-.000
5.000	5.0	-.000
5.000	5.0	-.000
5.000	5.0	-.000
5.000	5.0	-.000
5.000	5.0	-.000
5.000	5.0	-.000
5.000	5.0	-.000
5.000	5.0	-.000
5.000	5.0	-.000
5.000	5.0	-.000
5.000	5.0	-.000
5.000	5.0	-.000
5.000	5.0	-.000
5.000	5.0	-.000
5.000	5.0	-.000
5.000	5.0	-.000
5.000	5.0	-.000
5.000	5.0	-.000
5.000	5.0	-.000
5.000	5.0	-.000
5.000	5.0	-.000
5.000	5.0	-.000
5.000	5.0	-.000
5.000	5.0	-.000
5.000	5.0	-.000
5.000	5.0	-.000
5.000	5.0	-.000
5.000	5.0	-.000
5.000	5.0	-.000
5.000	5.0	-.000
5.000	5.0	-.000
5.000	5.0	-.000
5.000	5.0	-.000
5.000	5.0	-.000
5.000	5.0	-.000
5.000	5.0	-.000
5.000	5.0	-.000
5.000	5.0	-.000
5.000	5.0	-.000
5.000	5.0	-.000
5.000	5.0	-.000
5.000	5.0	-.000
5.000	5.0	-.000
5.000	5.0	-.000
5.000	5.0	-.000
5.000	5.0	-.000
5.000	5.0	-.000
5.000	5.0	-.000
5.000	5.0	-.000
5.000	5.0	-.000
5.000	5.0	-.000
5.000	5.0	-.000
5.000	5.0	-.000
5.000	5.0	-.000
5.000	5.0	-.000
5.000	5.0	-.000
5.000	5.0	-.000
5.000	5.0	-.000
5.000	5.0	-.000
5.000	5.0	-.000
5.000	5.0	-.000
5.000	5.0	-.000
5.000	5.0	-.000
5.000	5.0	-.000
5.000	5.0	-.000
5.000	5.0	-.000
5.000	5.0	-.000
5.000	5.0	-.000
5.000	5.0	-.000
5.000	5.0	-.000
5.000	5.0	-.000
5.000	5.0	-.000
5.000	5.0	-.000
5.000	5.0	-.000
5.000	5.0	-.000
5.000	5.0	-.000
5.000	5.0	-.000
5.000	5.0	-.000
5.000	5.0	-.000
5.000	5.0	-.000
5.000	5.0	-.000
5.000	5.0	-.000
5.000	5.0	-.000
5.000	5.0	-.000
5.000	5.0	-.000
5.000	5.0	-.000
10.000	13.0	.750
10.750	13.0	.562
11.312	13.0	.422
11.734	13.0	.316
12.051	13.0	.237
12.288	13.0	.178
12.466	13.0	.133
12.600	13.0	.100
12.700	13.0	.075
12.775	13.0	.056
12.831	13.0	.042
12.873	13.0	.032
12.905	13.0	.024
12.929	13.0	.018
12.947	13.0	.013
12.960	13.0	.010
12.970	13.0	.008
12.977	13.0	.006
12.983	13.0	.004
12.987	13.0	.003
12.990	13.0	.002
12.993	13.0	.002
12.995	13.0	.001
12.996	13.0	.001
12.997	13.0	.001
12.998	13.0	.001
12.998	13.0	.000
12.999	13.0	.000
12.999	13.0	.000
12.999	13.0	.000
12.999	13.0	.000
13.000	13.0	.000
13.000	13.0	.000
13.000	13.0	.000
13.000	13.0	.000
13.000	13.0	.000
13.000	13.0	.000
13.000	13.0	.000
13.000	13.0	.000
13.000	13.0	.000
13.000	13.0	.000
13.000	13.0	.000
13.000	13.0	.000
13.000	13.0	.000
13.000	13.0	.000
13.000	13.0	.000
13.000	13.0	.000
13.000	13.0	.000
13.000	13.0	.000
13.000	13.0	.000
13.000	13.0	.000
13.000	13.0	.000
13.000	13.0	.000
13.000	13.0	.000
13.000	13.0	.000
13.000	13.0	.000
13.000	13.0	.000
13.000	13.0	.000
13.000	13.0	.000
13.000	13.0	.000
13.000	13.0	.000
13.000	13.0	.000
13.000	13.0	.000
13.000	13.0	.000
13.000	13.0	.000
13.000	13.0	.000
13.000	13.0	.000
13.000	13.0	.000
13.000	13.0	.000
13.000	13.0	.000
13.000	13.0	.000
13.000	13.0	.000
13.000	13.0	.000
13.000	13.0	.000
13.000	13.0	.000
13.000	13.0	.000
13.000	13.0	.000
13.000	13.0	.000
13.000	13.0	.000
13.000	13.0	.000
13.000	13.0	.000
13.000	13.0	.000
13.000	13.0	.000
13.000	13.0	.000
13.000	13.0	.000
13.000	13.0	.000
13.000	13.0	.000
13.000	13.0	.000
13.000	13.0	.000
13.000	13.0	.000
13.000	13.0	.000
13.000	13.0	.000
13.000	13.0	.000
13.000	13.0	.000
13.000	13.0	.000
13.000	13.0	.000
13.000	13.0	.000
13.000	13.0	.000
13.000	13.0	.000
13.000	13.0	.000
13.000	13.0	.000
13.000	13.0	.000
13.000	13.0	.000
13.000	13.0	.000
13.000	13.0	.000
13.000	13.0	.000
13.000	13.0	.000
13.000	13.0	.000
13.000	13.0	.000
13.000	13.0	.000
13.000	13.0	.000
13.000	13.0	.000
13.000	13.0	.000
13.000	13.0	.000
13.000	13.0	.000
13.000	13.0	.000
13.000	13.0	.000
13.000	13.0	.000
13.000	13.0	.000
13.000	13.0	.000
13.000	13.0	.000
13.000	13.0	.000
13.000	13.0	.000
13.000	13.0	.000
13.000	13.0	.000
6.000	16.0	2.500
8.500	16.0	1.875
10.375	16.0	1.406
11.781	16.0	1.055
12.836	16.0	.791
13.627	16.0	.593
14.220	16.0	.445
14.665	16.0	.334
14.999	16.0	.250
15.249	16.0	.188
15.437	16.0	.141
15.578	16.0	.106
15.683	16.0	.079
15.762	16.0	.059
15.822	16.0	.045
15.866	16.0	.033
15.900	16.0	.025
15.925	16.0	.019
15.944	16.0	.014
15.958	16.0	.011
15.968	16.0	.008
15.976	16.0	.006
15.982	16.0	.004
15.987	16.0	.003
15.990	16.0	.003
15.992	16.0	.002
15.994	16.0	.001
15.996	16.0	.001
15.997	16.0	.001
15.998	16.0	.001
15.998	16.0	.000
15.999	16.0	.000
15.999	16.0	.000
15.999	16.0	.000
15.999	16.0	.000
16.000	16.0	.000
16.000	16.0	.000
16.000	16.0	.000
16.000	16.0	.000
16.000	16.0	.000
16.000	16.0	.000
16.000	16.0	.000
16.000	16.0	.000
16.000	16.0	.000
16.000	16.0	.000
16.000	16.0	.000
16.000	16.0	.000
16.000	16.0	.000
16.000	16.0	.000
16.000	16.0	.000
16.000	16.0	.000
16.000	16.0	.000
16.000	16.0	.000
16.000	16.0	.000
16.000	16.0	.000
16.000	16.0	.000
16.000	16.0	.000
16.000	16.0	.000
16.000	16.0	.000
16.000	16.0	.000
16.000	16.0	.000
16.000	16.0	.000
16.000	16.0	.000
16.000	16.0	.000
16.000	16.0	.000
16.000	16.0	.000
16.000	16.0	.000
16.000	16.0	.000
16.000	16.0	.000
16.000	16.0	.000
16.000	16.0	.000
16.000	16.0	.000
16.000	16.0	.000
16.000	16.0	.000
16.000	16.0	.000
16.000	16.0	.000
16.000	16.0	.000
16.000	16.0	.000
16.000	16.0	.000
16.000	16.0	.000
16.000	16.0	.000
16.000	16.0	.000
16.000	16.0	.000
16.000	16.0	.000
16.000	16.0	.000
16.000	16.0	.000
16.000	16.0	.000
16.000	16.0	.000
16.000	16.0	.000
16.000	16.0	.000
16.000	16.0	.000
16.000	16.0	.000
16.000	16.0	.000
16.000	16.0	.000
16.000	16.0	.000
16.000	16.0	.000
16.000	16.0	.000
16.000	16.0	.000
16.000	16.0	.000
16.000	16.0	.000
16.000	16.0	.000
16.000	16.0	.000
16.000	16.0	.000
16.000	16.0	.000
16.000	16.0	.000
16.000	16.0	.000
16.000	16.0	.000
16.000	16.0	.000
16.000	16.0	.000
16.000	16.0	.000
16.000	16.0	.000
16.000	16.0	.000
16.000	16.0	.000
16.000	16.0	.000
16.000	16.0	.000
16.000	16.0	.000
16.000	16.0	.000
16.000	16.0	.000
16.000	16.0	.000
16.000	16.0	.000
16.000	16.0	.000
16.000	16.0	.000
16.000	16.0	.000
16.000	16.0	.000
16.000	16.0	.000
21.000	8.0	-3.250
17.750	8.0	-2.438
15.312	8.0	-1.828
13.484	8.0	-1.371
12.113	8.0	-1.028
11.085	8.0	-.771
10.314	8.0	-.578
9.735	8.0	-.434
9.301	8.0	-.325
8.976	8.0	-.244
8.732	8.0	-.183
8.549	8.0	-.137
8.412	8.0	-.103
8.309	8.0	-.077
8.232	8.0	-.058
8.174	8.0	-.043
8.130	8.0	-.033
8.098	8.0	-.024
8.073	8.0	-.018
8.055	8.0	-.014
8.041	8.0	-.010
8.031	8.0	-.008
8.023	8.0	-.006
8.017	8.0	-.004
8.013	8.0	-.003
8.010	8.0	-.002
8.007	8.0	-.002
8.006	8.0	-.001
8.004	8.0	-.001
8.003	8.0	-.001
8.002	8.0	-.001
8.002	8.0	-.000
8.001	8.0	-.000
8.001	8.0	-.000
8.001	8.0	-.000
8.001	8.0	-.000
8.000	8.0	-.000
8.000	8.0	-.000
8.000	8.0	-.000
8.000	8.0	-.000
8.000	8.0	-.000
8.000	8.0	-.000
8.000	8.0	-.000
8.000	8.0	-.000
8.000	8.0	-.000
8.000	8.0	-.000
8.000	8.0	-.000
8.000	8.0	-.000
8.000	8.0	-.000
8.000	8.0	-.000
8.000	8.0	-.000
8.000	8.0	-.000
8.000	8.0	-.000
8.000	8.0	-.000
8.000	8.0	-.000
8.000	8.0	-.000
8.000	8.0	-.000
8.000	8.0	-.000
8.000	8.0	-.000
8.000	8.0	-.000
8.000	8.0	-.000
8.000	8.0	-.000
8.000	8.0	-.000
8.000	8.0	-.000
8.000	8.0	-.000
8.000	8.0	-.000
8.000	8.0	-.000
8.000	8.0	-.000
8.000	8.0	-.000
8.000	8.0	-.000
8.000	8.0	-.000
8.000	8.0	-.000
8.000	8.0	-.000
8.000	8.0	-.000
8.000	8.0	-.000
8.000	8.0	-.000
8.000	8.0	-.000
8.000	8.0	-.000
8.000	8.0	-.000
8.000	8.0	-.000
8.000	8.0	-.000
8.000	8.0	-.000
8.000	8.0	-.000
8.000	8.0	-.000
8.000	8.0	-.000
8.000	8.0	-.000
8.000	8.0	-.000
8.000	8.0	-.000
8.000	8.0	-.000
8.000	8.0	-.000
8.000	8.0	-.000
8.000	8.0	-.000
8.000	8.0	-.000
8.000	8.0	-.000
8.000	8.0	-.000
8.000	8.0	-.000
8.000	8.0	-.000
8.000	8.0	-.000
8.000	8.0	-.000
8.000	8.0	-.000
8.000	8.0	-.000
8.000	8.0	-.000
8.000	8.0	-.000
8.000	8.0	-.000
8.000	8.0	-.000
8.000	8.0	-.000
8.000	8.0	-.000
8.000	8.0	-.000
8.000	8.0	-.000
8.000	8.0	-.000
8.000	8.0	-.000
8.000	8.0	-.000
8.000	8.0	-.000
8.000	8.0	-.000
8.000	8.0	-.000
8.000	8.0	-.000
8.000	8.0	-.000
8.000	8.0	-.000
8.000	8.0	-.000
8.000	8.0	-.000
8.000	8.0	-.000
8.000	8.0	-.000
8.000	8.0	-.000
8.000	8.0	-.000
8.000	8.0	-.000
6.000	10.0	1.000
7.000	10.0	.750
7.750	10.0	.562
8.312	10.0	.422
8.734	10.0	.316
9.051	10.0	.237
9.288	10.0	.178
9.466	10.0	.133
9.600	10.0	.100
9.700	10.0	.075
9.775	10.0	.056
9.831	10.0	.042
9.873	10.0	.032
9.905	10.0	.024
9.929	10.0	.018
9.947	10.0	.013
9.960	10.0	.010
9.970	10.0	.008
9.977	10.0	.006
9.983	10.0	.004
9.987	10.0	.003
9.990	10.0	.002
9.993	10.0	.002
9.995	10.0	.001
9.996	10.0	.001
9.997	10.0	.001
9.998	10.0	.001
9.998	10.0	.000
9.999	10.0	.000
9.999	10.0	.000
9.999	10.0	.000
9.999	10.0	.000
10.000	10.0	.000
10.000	10.0	.000
10.000	10.0	.000
10.000	10.0	.000
10.000	10.0	.000
10.000	10.0	.000
10.000	10.0	.000
10.000	10.0	.000
10.000	10.0	.000
10.000	10.0	.000
10.000	10.0	.000
10.000	10.0	.000
10.000	10.0	.000
10.000	10.0	.000
10.000	10.0	.000
10.000	10.0	.000
10.000	10.0	.000
10.000	10.0	.000
10.000	10.0	.000
10.000	10.0	.000
10.000	10.0	.000
10.000	10.0	.000
10.000	10.0	.000
10.000	10.0	.000
10.000	10.0	.000
10.000	10.0	.000
10.000	10.0	.000
10.000	10.0	.000
10.000	10.0	.000
10.000	10.0	.000
10.000	10.0	.000
10.000	10.0	.000
10.000	10.0	.000
10.000	10.0	.000
10.000	10.0	.000
10.000	10.0	.000
10.000	10.0	.000
10.000	10.0	.000
10.000	10.0	.000
10.000	10.0	.000
10.000	10.0	.000
10.000	10.0	.000
10.000	10.0	.000
10.000	10.0	.000
10.000	10.0	.000
10.000	10.0	.000
10.000	10.0	.000
10.000	10.0	.000
10.000	10.0	.000
10.000	10.0	.000
10.000	10.0	.000
10.000	10.0	.000
10.000	10.0	.000
10.000	10.0	.000
10.000	10.0	.000
10.000	10.0	.000
10.000	10.0	.000
10.000	10.0	.000
10.000	10.0	.000
10.000	10.0	.000
10.000	10.0	.000
10.000	10.0	.000
10.000	10.0	.000
10.000	10.0	.000
10.000	10.0	.000
10.000	10.0	.000
10.000	10.0	.000
10.000	10.0	.000
10.000	10.0	.000
10.000	10.0	.000
10.000	10.0	.000
10.000	10.0	.000
10.000	10.0	.000
10.000	10.0	.000
10.000	10.0	.000
10.000	10.0	.000
10.000	10.0	.000
10.000	10.0	.000
10.000	10.0	.000
10.000	10.0	.000
10.000	10.0	.000
10.000	10.0	.000
10.000	10.0	.000
10.000	10.0	.000
10.000	10.0	.000
10.000	10.0	.000
10.000	10.0	.000
10.000	10.0	.000
10.000	10.0	.000
10.000	10.0	.000
10.000	10.0	.000
10.000	10.0	.000
10.000	10.0	.000
